 24.6667
 28.0432
 29.8147
 30.6163
 31.2015
 31.6038
 31.8978
 32.1065
 32.1567
 32.0852
 31.9277
 31.6632
 31.3225
 30.8979
 30.362
 29.734
 29.0351
 28.2845
 27.4944
 26.6807
 25.9354
 25.3434
 24.8565
 24.4103
 23.9958
 23.5916
 23.1924
 22.8415
 22.5751
 22.4231
 22.3812
 22.3812
 22.3917
 22.4733
 22.6819
 22.9786
 23.3055
 23.6594
 24.0719
 24.5601
 25.1024
 25.6673
 26.2191
 26.7311
 27.2131
 27.6763
 28.096
 28.4429
 28.7145
 28.9203
 29.0433
 29.0789
 29.0785
 29.0302
 28.8857
 28.6763
 28.4075
 28.0575
 27.6645
 27.2703
 26.8753
 26.4929
 26.1521
 25.835
 25.5159
 25.2396
 25.0521
 24.8882
 24.6617
 24.3795
 24.0715
 23.6965
 23.1955
 22.5768
 21.8601
 21.0139
 20.0291
 18.9541
 17.7973
 16.5553
 15.3035
 14.1285
 13.0531
 12.0658
 11.1836
 10.4417
 9.83948
 9.36374
 8.98054
 8.70885
 8.64601
 8.71533
 8.82049
 9.03176
 9.33333
 26.6667
 29.0011
 31.0036
 32.2403
 32.8518
 33.1747
 33.4433
 33.7992
 34.0713
 34.1241
 34.0535
 33.9543
 33.8274
 33.6537
 33.4702
 33.3065
 33.1496
 32.9676
 32.7353
 32.464
 32.1652
 31.8179
 31.4082
 30.951
 30.449
 29.9065
 29.3661
 28.8568
 28.3534
 27.8418
 27.3731
 26.9941
 26.7027
 26.5253
 26.4737
 26.4737
 26.5453
 26.7896
 27.1682
 27.5859
 28.0182
 28.4711
 28.927
 29.3387
 29.6778
 29.9503
 30.1325
 30.2012
 30.2092
 30.2089
 30.1525
 29.9783
 29.7214
 29.4045
 29.0033
 28.5475
 28.0996
 27.6527
 27.1442
 26.5735
 25.9977
 25.4573
 24.9552
 24.468
 23.9782
 23.4945
 23.0367
 22.6
 22.1428
 21.6327
 21.1146
 20.6534
 20.2547
 19.8622
 19.3841
 18.8094
 18.189
 17.5107
 16.7228
 15.8164
 14.8595
 13.9976
 13.3117
 12.7229
 12.131
 11.5083
 10.9161
 10.4787
 10.1475
 9.85841
 9.73783
 9.73107
 9.8137
 10.477
 12
 35.3333
 33.567
 32.57
 32.0798
 31.7454
 31.5341
 31.3597
 31.1925
 31.1448
 31.2156
 31.3101
 31.4185
 31.5548
 31.6862
 31.7704
 31.8169
 31.8554
 31.8856
 31.8587
 31.734
 31.5302
 31.2309
 30.7979
 30.2927
 29.7992
 29.3313
 28.8774
 28.4506
 28.0732
 27.7217
 27.376
 27.0854
 26.9181
 26.8723
 26.8986
 26.978
 27.085
 27.188
 27.2834
 27.388
 27.5159
 27.6556
 27.7956
 27.9247
 28.0142
 28.0518
 28.0354
 27.9428
 27.7494
 27.4616
 27.1365
 26.8246
 26.5292
 26.2363
 25.9287
 25.5783
 25.1703
 24.7527
 24.3857
 24.0697
 23.7921
 23.5774
 23.4218
 23.2536
 23.0339
 22.7809
 22.4954
 22.1548
 21.7554
 21.3203
 20.8583
 20.3501
 19.7737
 19.1294
 18.4393
 17.7324
 17.0269
 16.3001
 15.5012
 14.6201
 13.729
 12.9134
 12.1747
 11.4676
 10.7978
 10.1991
 9.68747
 9.29662
 8.96563
 8.67616
 8.55954
 8.55219
 8.71387
 9.41703
 10.6667
 31.6667
 31.658
 31.6217
 31.5773
 31.5396
 31.5021
 31.4641
 31.4286
 31.4009
 31.4014
 31.4414
 31.5116
 31.5903
 31.6144
 31.5309
 31.3663
 31.1635
 30.9327
 30.6677
 30.3627
 30.0176
 29.612
 29.1154
 28.5309
 27.884
 27.2108
 26.5829
 26.07
 25.6672
 25.3218
 25.0091
 24.7364
 24.5064
 24.347
 24.2872
 24.2815
 24.3049
 24.4228
 24.6629
 24.9569
 25.25
 25.5314
 25.7798
 25.9391
 25.9923
 26.0133
 26.0621
 26.0971
 26.03
 25.8272
 25.4869
 25.0148
 24.4592
 23.8753
 23.2729
 22.6596
 22.1065
 21.665
 21.2875
 20.9235
 20.5746
 20.2515
 19.9659
 19.745
 19.6079
 19.5214
 19.4282
 19.3155
 19.2001
 19.0656
 18.8793
 18.6249
 18.288
 17.8654
 17.3647
 16.7634
 16.0319
 15.1971
 14.3315
 13.5019
 12.72
 11.9513
 11.18
 10.4223
 9.69928
 9.05055
 8.51712
 8.09513
 7.78133
 7.59651
 7.49331
 7.43542
 7.44719
 7.43824
 7.33333
 38
 37.9625
 37.6614
 37.2684
 36.974
 36.7695
 36.6301
 36.5156
 36.3562
 36.1351
 35.8618
 35.5417
 35.2081
 34.8974
 34.6078
 34.3368
 34.0819
 33.8121
 33.5054
 33.1316
 32.6696
 32.1944
 31.8118
 31.533
 31.3227
 31.1575
 31.0049
 30.8398
 30.6438
 30.4014
 30.1243
 29.8378
 29.5446
 29.2171
 28.8379
 28.4306
 28.0422
 27.7033
 27.4016
 27.1075
 26.8068
 26.5048
 26.227
 25.9934
 25.7981
 25.6467
 25.5653
 25.5589
 25.5927
 25.6034
 25.5497
 25.4472
 25.3188
 25.1455
 24.9038
 24.6069
 24.2783
 23.9044
 23.4425
 22.8865
 22.2912
 21.7292
 21.2308
 20.7708
 20.3081
 19.8261
 19.3315
 18.8407
 18.3694
 17.9078
 17.4541
 17.0506
 16.7239
 16.4086
 16.0195
 15.5397
 14.9732
 14.3098
 13.5686
 12.8302
 12.1509
 11.5167
 10.9132
 10.345
 9.81975
 9.35558
 8.99072
 8.77491
 8.70244
 8.69431
 8.71866
 8.8854
 9.36281
 10.2152
 11.3333
 35
 35.0556
 35.2647
 35.6659
 36.1663
 36.6056
 36.8971
 37.098
 37.2699
 37.4264
 37.5835
 37.7304
 37.8429
 37.9133
 37.9108
 37.785
 37.5054
 37.0932
 36.5955
 36.038
 35.4484
 34.859
 34.2668
 33.6425
 32.9739
 32.2714
 31.5508
 30.8726
 30.3237
 29.9089
 29.5768
 29.2971
 29.068
 28.9032
 28.8056
 28.7538
 28.718
 28.6659
 28.5717
 28.4445
 28.3128
 28.1751
 28.0039
 27.7936
 27.5736
 27.353
 27.0913
 26.7612
 26.3743
 25.9253
 25.3955
 24.7973
 24.1622
 23.5231
 22.9076
 22.3243
 21.766
 21.2347
 20.7438
 20.2931
 19.8735
 19.4889
 19.1521
 18.8944
 18.7473
 18.6686
 18.5673
 18.4117
 18.2419
 18.0894
 17.9366
 17.7366
 17.4531
 17.091
 16.6711
 16.1753
 15.5722
 14.8917
 14.2019
 13.5417
 12.9006
 12.2503
 11.5895
 10.9439
 10.3504
 9.84829
 9.45104
 9.14837
 8.92562
 8.77188
 8.70936
 8.72675
 8.77376
 8.94464
 9.33333
 38.3333
 37.8056
 37.6565
 37.6417
 37.574
 37.5165
 37.4906
 37.4995
 37.5251
 37.4839
 37.3297
 37.0855
 36.7824
 36.4577
 36.1307
 35.7828
 35.4018
 34.9962
 34.563
 34.0861
 33.5195
 32.831
 32.0955
 31.4266
 30.8518
 30.3229
 29.8044
 29.3007
 28.8036
 28.2756
 27.7135
 27.1844
 26.7476
 26.4064
 26.164
 26.0258
 25.9514
 25.8798
 25.7977
 25.7211
 25.6639
 25.6524
 25.6851
 25.7141
 25.6887
 25.5819
 25.3975
 25.1447
 24.84
 24.5231
 24.2129
 23.8787
 23.4867
 23.035
 22.5434
 22.0576
 21.6223
 21.2328
 20.868
 20.5304
 20.21
 19.8769
 19.5367
 19.2169
 18.9212
 18.6279
 18.3072
 17.9487
 17.5491
 17.1244
 16.7153
 16.3362
 15.989
 15.663
 15.3259
 14.9623
 14.5563
 14.1085
 13.6619
 13.2531
 12.891
 12.5605
 12.2246
 11.8454
 11.3795
 10.8217
 10.2708
 9.85071
 9.54012
 9.24044
 9.02133
 8.85211
 8.64292
 8.98708
 10.3333
 41.3333
 39.3775
 38.1626
 37.6886
 37.5377
 37.492
 37.4051
 37.2206
 37.1177
 37.1742
 37.2189
 37.1002
 36.8525
 36.5482
 36.2095
 35.8546
 35.4978
 35.1469
 34.7893
 34.4054
 33.9893
 33.506
 32.9404
 32.3691
 31.8589
 31.4152
 31.0183
 30.6256
 30.1717
 29.616
 28.9578
 28.24
 27.5468
 26.9269
 26.3935
 25.949
 25.6026
 25.328
 25.0558
 24.7636
 24.4538
 24.1611
 23.9425
 23.8038
 23.7009
 23.5641
 23.3573
 23.0989
 22.7929
 22.4461
 22.0989
 21.7726
 21.469
 21.1915
 20.9353
 20.6885
 20.4464
 20.2077
 19.9694
 19.7391
 19.5426
 19.3936
 19.2475
 19.0548
 18.8199
 18.5663
 18.311
 18.084
 17.9025
 17.7026
 17.4159
 17.0625
 16.6742
 16.2407
 15.7456
 15.2022
 14.6547
 14.1341
 13.6188
 13.0593
 12.4305
 11.759
 11.1226
 10.6059
 10.2333
 9.97438
 9.81871
 9.76184
 9.76176
 9.77349
 9.80631
 9.97701
 10.372
 10.7865
 11
 35.3333
 37.7787
 38.8381
 38.9734
 38.9239
 38.8167
 38.6932
 38.591
 38.4734
 38.2758
 38.0001
 37.6268
 37.1183
 36.5304
 35.9646
 35.4823
 35.067
 34.6803
 34.3057
 33.9331
 33.538
 33.1095
 32.6718
 32.237
 31.7867
 31.3084
 30.794
 30.2277
 29.6209
 29.0091
 28.4071
 27.8132
 27.2322
 26.676
 26.163
 25.7007
 25.288
 24.9515
 24.74
 24.6499
 24.6055
 24.5154
 24.3194
 24.0397
 23.7295
 23.4031
 23.0651
 22.7248
 22.3639
 21.9491
 21.4866
 21.0159
 20.5847
 20.2173
 19.9043
 19.6541
 19.4654
 19.2848
 19.0779
 18.8572
 18.6382
 18.4343
 18.2592
 18.1224
 18.0374
 17.9955
 17.9498
 17.8492
 17.6801
 17.4721
 17.2608
 17.043
 16.7817
 16.4481
 16.026
 15.5297
 15.0007
 14.4522
 13.8756
 13.2837
 12.7062
 12.1698
 11.6889
 11.2723
 10.926
 10.656
 10.4853
 10.4346
 10.4632
 10.495
 10.515
 10.5786
 10.7867
 11.0963
 11.3333
 39.6667
 39.947
 39.9466
 39.7982
 39.5502
 39.1953
 38.8412
 38.5377
 38.2379
 37.8849
 37.4635
 37.0116
 36.5714
 36.1308
 35.6721
 35.1996
 34.706
 34.1821
 33.6381
 33.0829
 32.4914
 31.8421
 31.1864
 30.5695
 29.9341
 29.2385
 28.5498
 27.9223
 27.3399
 26.797
 26.2951
 25.8034
 25.2927
 24.7634
 24.2622
 23.8361
 23.4798
 23.2048
 23.0207
 22.8638
 22.6828
 22.4956
 22.3184
 22.1297
 21.9173
 21.6972
 21.4841
 21.2744
 21.0596
 20.8381
 20.6028
 20.354
 20.1113
 19.8828
 19.6515
 19.4106
 19.1776
 18.9681
 18.7924
 18.6452
 18.4933
 18.3146
 18.1129
 17.8941
 17.6664
 17.443
 17.233
 17.0578
 16.925
 16.7765
 16.5591
 16.287
 15.9864
 15.6645
 15.3322
 15.0013
 14.6583
 14.2749
 13.8298
 13.3217
 12.7771
 12.2502
 11.8148
 11.5014
 11.271
 11.1083
 11.0336
 10.9746
 10.8896
 10.8913
 10.9682
 11.0471
 11.1891
 10.9926
 10
 36
 37.664
 38.9844
 39.4798
 39.5054
 39.4779
 39.4047
 39.307
 39.1194
 38.7477
 38.248
 37.7336
 37.2364
 36.7527
 36.2923
 35.8522
 35.422
 35.0168
 34.639
 34.2301
 33.7359
 33.1692
 32.5554
 31.8856
 31.1175
 30.2267
 29.2755
 28.3516
 27.4649
 26.5732
 25.6693
 24.8294
 24.1326
 23.559
 23.0554
 22.6007
 22.1919
 21.8466
 21.5842
 21.3886
 21.2261
 21.1018
 21.058
 21.1025
 21.1739
 21.1952
 21.1459
 21.0493
 20.9309
 20.8189
 20.734
 20.6645
 20.5691
 20.4189
 20.2029
 19.9132
 19.5659
 19.217
 18.9239
 18.7033
 18.5406
 18.4069
 18.2785
 18.1521
 18.0303
 17.9173
 17.8375
 17.8109
 17.8197
 17.8377
 17.8576
 17.866
 17.8232
 17.6914
 17.4684
 17.1636
 16.7777
 16.3006
 15.7298
 15.1211
 14.5741
 14.1337
 13.746
 13.3468
 12.9849
 12.7571
 12.6625
 12.6401
 12.6495
 12.7999
 13.2148
 13.7731
 14.5036
 15.6143
 17
 40
 37.8819
 36.5745
 36.0477
 35.875
 35.8301
 35.7193
 35.4478
 35.1985
 35.0662
 34.8955
 34.5671
 34.1274
 33.6433
 33.1161
 32.5131
 31.8243
 31.0995
 30.3795
 29.631
 28.8254
 28.0295
 27.327
 26.73
 26.2328
 25.7986
 25.3521
 24.8671
 24.3535
 23.8353
 23.3538
 22.9288
 22.5673
 22.2847
 22.0793
 21.9206
 21.7663
 21.5951
 21.41
 21.2175
 21.0409
 20.9065
 20.8146
 20.76
 20.7353
 20.7165
 20.6802
 20.6224
 20.5537
 20.4843
 20.4145
 20.3377
 20.252
 20.1634
 20.0754
 19.9816
 19.8751
 19.7562
 19.6281
 19.4881
 19.3283
 19.1503
 18.9795
 18.8492
 18.7778
 18.7581
 18.7753
 18.8369
 18.9338
 19.0296
 19.0997
 19.136
 19.123
 19.0473
 18.916
 18.7363
 18.5209
 18.2947
 18.0715
 17.8459
 17.6067
 17.3458
 17.0566
 16.7857
 16.6137
 16.5407
 16.5702
 16.7837
 17.1123
 17.4089
 17.7371
 18.2466
 19.1593
 20.7686
 23
 38.3333
 37.3024
 36.5152
 36.0142
 35.6727
 35.3388
 34.8741
 34.2973
 33.6832
 33.0538
 32.4609
 31.911
 31.3684
 30.8294
 30.3111
 29.8165
 29.3223
 28.8176
 28.3204
 27.8358
 27.3629
 26.9322
 26.5762
 26.2629
 25.9143
 25.4956
 25.0218
 24.4904
 23.8945
 23.2945
 22.7524
 22.27
 21.8478
 21.4823
 21.153
 20.8514
 20.5758
 20.3364
 20.1777
 20.1066
 20.0511
 19.9588
 19.8353
 19.7023
 19.5824
 19.4884
 19.4088
 19.3188
 19.2093
 19.0697
 18.887
 18.6786
 18.5037
 18.4181
 18.4013
 18.4013
 18.4332
 18.5328
 18.6756
 18.8339
 19.0105
 19.2082
 19.4217
 19.6425
 19.861
 20.0448
 20.1479
 20.1742
 20.1742
 20.16
 20.1106
 20.0267
 19.912
 19.759
 19.562
 19.3252
 19.0655
 18.7965
 18.5239
 18.2688
 18.085
 17.9876
 17.9151
 17.8341
 17.8205
 17.9817
 18.3288
 18.8094
 19.3216
 19.8225
 20.4418
 21.352
 22.6661
 24.0383
 25
 32
 32.3396
 32.3144
 32.1661
 32.0956
 32.0151
 31.903
 31.7938
 31.6777
 31.5615
 31.4607
 31.3589
 31.2351
 31.078
 30.8836
 30.6766
 30.5003
 30.3175
 30.0208
 29.5825
 29.0302
 28.357
 27.5726
 26.7375
 25.9087
 25.1236
 24.4046
 23.7297
 23.041
 22.2935
 21.544
 20.922
 20.4608
 20.1159
 19.8702
 19.6953
 19.5326
 19.3696
 19.2239
 19.0968
 18.9931
 18.9307
 18.9196
 18.9419
 18.9733
 19.0064
 19.0426
 19.0821
 19.139
 19.2271
 19.3312
 19.4277
 19.5184
 19.6126
 19.7001
 19.7682
 19.8025
 19.793
 19.7635
 19.7648
 19.8302
 19.9506
 20.1299
 20.3883
 20.695
 20.9864
 21.2347
 21.4585
 21.6801
 21.8973
 22.1025
 22.2762
 22.375
 22.3997
 22.3893
 22.3087
 22.1093
 21.8467
 21.6079
 21.4391
 21.3451
 21.3059
 21.334
 21.472
 21.7332
 22.0833
 22.4637
 22.8485
 23.283
 23.8478
 24.4981
 25.062
 25.4391
 25.5384
 25.3333
 27
 29.2172
 30.8175
 31.6318
 31.9548
 32.0695
 32.1097
 32.1015
 32.0638
 31.9342
 31.6014
 31.0621
 30.45
 29.8491
 29.2727
 28.7094
 28.1518
 27.6141
 27.1107
 26.6382
 26.1947
 25.8042
 25.4723
 25.1569
 24.8181
 24.4425
 24.0338
 23.592
 23.1285
 22.6791
 22.2398
 21.7697
 21.2657
 20.7535
 20.2533
 19.8118
 19.4777
 19.2388
 19.0645
 18.9659
 18.9573
 18.9991
 19.0402
 19.0793
 19.1391
 19.2214
 19.3218
 19.4424
 19.5845
 19.7599
 19.989
 20.2694
 20.5762
 20.8986
 21.2238
 21.5314
 21.8207
 22.1039
 22.407
 22.7493
 23.1058
 23.4338
 23.7117
 23.9576
 24.2138
 24.4769
 24.6992
 24.8732
 25.0263
 25.1761
 25.3183
 25.4163
 25.4467
 25.4541
 25.498
 25.571
 25.6171
 25.5927
 25.5487
 25.5841
 25.7074
 25.8776
 26.0619
 26.2552
 26.499
 26.7936
 27.0761
 27.3004
 27.5089
 27.7479
 27.9269
 28.0001
 28.0345
 27.9504
 27.6667
 33
 31.7511
 30.9234
 30.5266
 30.3113
 30.0994
 29.8508
 29.6062
 29.4465
 29.3654
 29.2302
 28.965
 28.598
 28.1384
 27.6023
 27.0705
 26.5932
 26.1599
 25.7414
 25.2998
 24.8017
 24.2597
 23.7459
 23.3009
 22.9168
 22.5974
 22.3056
 21.9551
 21.5309
 21.0632
 20.5537
 20.0203
 19.5071
 19.0532
 18.6656
 18.3152
 17.9916
 17.7744
 17.7095
 17.7095
 17.7345
 17.8378
 18.0154
 18.2193
 18.4588
 18.7533
 19.0937
 19.4915
 19.9659
 20.4953
 21.012
 21.4618
 21.8562
 22.233
 22.6134
 23.0122
 23.4291
 23.834
 24.1935
 24.4969
 24.7438
 24.9192
 25.0181
 25.066
 25.0857
 25.1149
 25.2175
 25.4187
 25.6882
 25.9909
 26.3145
 26.6656
 27.0595
 27.4995
 27.9633
 28.4276
 28.8966
 29.3846
 29.8744
 30.3131
 30.6517
 30.854
 30.9245
 30.9392
 30.9314
 30.8613
 30.7007
 30.385
 29.951
 29.5428
 29.0953
 28.4831
 27.7177
 26.2001
 23.3333
 25.6667
 28.2651
 29.3682
 29.5341
 29.5854
 29.556
 29.5086
 29.466
 29.3775
 29.2233
 28.9603
 28.6053
 28.1908
 27.7309
 27.2483
 26.7395
 26.2005
 25.6544
 25.1128
 24.573
 24.0352
 23.4952
 22.9591
 22.4364
 21.9211
 21.4246
 20.9739
 20.5754
 20.2269
 19.9242
 19.6508
 19.3874
 19.1327
 18.9105
 18.7703
 18.7288
 18.7288
 18.7722
 18.9233
 19.1603
 19.4195
 19.6767
 19.9344
 20.2119
 20.5455
 20.9508
 21.3823
 21.7919
 22.1863
 22.5821
 22.973
 23.3309
 23.655
 24.0062
 24.4165
 24.8688
 25.3862
 25.986
 26.6004
 27.1704
 27.6902
 28.1649
 28.6142
 29.0683
 29.5511
 30.051
 30.5071
 30.8729
 31.1547
 31.3511
 31.4272
 31.3916
 31.3231
 31.2792
 31.2638
 31.2634
 31.2644
 31.2644
 31.2685
 31.2837
 31.3152
 31.3693
 31.4102
 31.3669
 31.2274
 31.0275
 30.7925
 30.5399
 30.292
 30.015
 29.5739
 28.9283
 28.2839
 27.9484
 28
 26.3333
 26.2865
 26.3017
 26.3528
 26.3105
 26.1004
 25.8015
 25.5224
 25.2758
 25.0324
 24.7758
 24.4887
 24.1531
 23.774
 23.4033
 23.0898
 22.8351
 22.6375
 22.4814
 22.3221
 22.1406
 21.9414
 21.7365
 21.5428
 21.3568
 21.1627
 20.9476
 20.686
 20.357
 19.9779
 19.5972
 19.263
 18.9931
 18.8136
 18.7467
 18.7402
 18.7402
 18.7653
 18.859
 19.0459
 19.3286
 19.6742
 20.0327
 20.3763
 20.7037
 21.039
 21.3904
 21.7374
 22.0971
 22.5185
 23.0029
 23.5018
 23.9952
 24.5075
 25.0375
 25.5684
 26.1151
 26.6829
 27.2334
 27.755
 28.3
 28.8487
 29.3166
 29.7133
 30.0867
 30.4291
 30.7278
 31.0143
 31.3267
 31.6328
 31.8292
 31.8844
 31.8844
 31.8303
 31.6217
 31.2501
 30.7915
 30.3019
 29.8103
 29.3316
 28.8625
 28.377
 27.8562
 27.3476
 26.9258
 26.5924
 26.3053
 26.0647
 25.8654
 25.6798
 25.5496
 25.459
 25.3195
 25.4109
 26
 11.3333
 13.0334
 14.124
 14.6402
 14.9017
 15.0313
 15.0767
 15.1072
 15.094
 15.0296
 14.9339
 14.7925
 14.6296
 14.4684
 14.3037
 14.1339
 13.9597
 13.7741
 13.5841
 13.4004
 13.2058
 12.9797
 12.7133
 12.4059
 12.0795
 11.7529
 11.4263
 11.1045
 10.7924
 10.489
 10.2087
 9.97515
 9.82831
 9.78408
 9.78408
 9.8008
 9.88813
 10.0695
 10.3028
 10.5639
 10.8537
 11.1724
 11.5227
 11.8942
 12.2823
 12.7057
 13.1585
 13.6031
 14.0303
 14.4625
 14.9126
 15.3714
 15.832
 16.327
 16.8852
 17.4718
 18.048
 18.6008
 19.105
 19.5284
 19.8558
 20.0944
 20.2491
 20.3132
 20.3101
 20.2917
 20.2539
 20.1444
 19.9664
 19.7762
 19.5952
 19.4009
 19.1843
 18.9776
 18.8064
 18.6348
 18.407
 18.1007
 17.7153
 17.2474
 16.68
 16.014
 15.2871
 14.5177
 13.7168
 12.9138
 12.1485
 11.5268
 10.986
 10.3539
 9.85945
 9.66368
 9.59919
 10.2026
 12
 16.6667
 16.1903
 16.0677
 16.1196
 16.1706
 16.2565
 16.3415
 16.3767
 16.3973
 16.4288
 16.4583
 16.4589
 16.4099
 16.3158
 16.1811
 16.0016
 15.7771
 15.5136
 15.2359
 14.9857
 14.7804
 14.5936
 14.3945
 14.1746
 13.9481
 13.7452
 13.59
 13.4941
 13.4548
 13.4431
 13.4328
 13.4393
 13.481
 13.5354
 13.6025
 13.7302
 13.9341
 14.1971
 14.5204
 14.908
 15.3328
 15.7481
 16.1294
 16.4886
 16.8449
 17.2124
 17.6121
 18.0573
 18.517
 18.9534
 19.3865
 19.8235
 20.2363
 20.6256
 21.0034
 21.3716
 21.7424
 22.1376
 22.5558
 22.9599
 23.3206
 23.6359
 23.8904
 24.0446
 24.1088
 24.1378
 24.1452
 24.0749
 23.8606
 23.5405
 23.1815
 22.7715
 22.2855
 21.725
 21.0798
 20.3286
 19.4821
 18.5556
 17.5726
 16.6226
 15.7838
 15.0329
 14.2894
 13.5135
 12.7222
 11.9319
 11.1781
 10.5062
 9.89444
 9.31515
 8.77494
 8.27539
 7.90259
 7.7288
 7.66667
 16.3333
 16.7103
 16.9819
 17.2318
 17.4825
 17.6519
 17.746
 17.8162
 17.8611
 17.8758
 17.8705
 17.8478
 17.7957
 17.6825
 17.4901
 17.2379
 16.9827
 16.7772
 16.6192
 16.4845
 16.3651
 16.2551
 16.1351
 15.9699
 15.742
 15.491
 15.2929
 15.1961
 15.1725
 15.1678
 15.1842
 15.2586
 15.3993
 15.586
 15.8026
 16.0645
 16.4155
 16.8787
 17.4288
 18.0205
 18.6073
 19.1379
 19.6009
 20.053
 20.5384
 21.0306
 21.5016
 21.9406
 22.3199
 22.6313
 22.886
 23.0993
 23.2912
 23.4676
 23.6442
 23.8214
 23.938
 23.9702
 23.973
 23.9617
 23.9128
 23.8408
 23.7739
 23.7065
 23.5834
 23.362
 23.0519
 22.6615
 22.1972
 21.6886
 21.1537
 20.597
 20.0149
 19.3535
 18.5612
 17.6807
 16.7977
 15.9792
 15.2552
 14.5999
 13.9784
 13.3765
 12.7872
 12.1988
 11.6194
 11.0842
 10.6155
 10.2382
 9.94549
 9.65856
 9.32229
 8.97439
 8.65918
 8.42748
 8.33333
 16
 16.0806
 16.3333
 16.6339
 16.8442
 16.9786
 17.0814
 17.1774
 17.2602
 17.2937
 17.2649
 17.2155
 17.1903
 17.1992
 17.2384
 17.3099
 17.4021
 17.4718
 17.5024
 17.5223
 17.5533
 17.5936
 17.635
 17.6639
 17.6724
 17.6646
 17.6084
 17.4903
 17.3632
 17.2608
 17.2199
 17.2903
 17.4522
 17.6571
 17.9021
 18.2095
 18.5975
 19.0948
 19.7147
 20.4166
 21.1528
 21.8862
 22.5704
 23.1825
 23.7644
 24.3826
 25.0465
 25.7092
 26.2886
 26.7168
 27.0017
 27.1788
 27.2604
 27.2717
 27.2552
 27.1971
 27.0628
 26.8648
 26.5906
 26.2229
 25.7982
 25.3298
 24.8097
 24.2741
 23.7442
 23.1818
 22.5664
 21.9302
 21.2952
 20.6437
 19.9501
 19.2075
 18.4155
 17.5586
 16.6591
 15.7965
 15.0149
 14.3074
 13.6685
 13.0953
 12.573
 12.0737
 11.5831
 11.1921
 11.0123
 10.9809
 10.9809
 11.0964
 11.3729
 11.6532
 11.9535
 12.4811
 13.3727
 14.9247
 17.3333
 14.3333
 16.6215
 18.0974
 18.8305
 19.2259
 19.4566
 19.6617
 19.9409
 20.138
 20.1513
 20.074
 19.9784
 19.8788
 19.7799
 19.6958
 19.6322
 19.5948
 19.5843
 19.6
 19.6522
 19.7319
 19.8206
 19.9143
 20.0137
 20.1122
 20.1959
 20.2764
 20.3909
 20.5596
 20.786
 21.0523
 21.3191
 21.5619
 21.8126
 22.1551
 22.6226
 23.1868
 23.8073
 24.4589
 25.1779
 25.9691
 26.734
 27.3941
 27.971
 28.5266
 29.0979
 29.6282
 29.9758
 30.1038
 30.13
 30.1443
 30.1183
 29.9931
 29.7707
 29.4738
 29.0866
 28.5778
 27.8854
 26.9804
 25.9548
 24.9057
 23.8792
 22.9088
 21.9853
 21.0623
 20.101
 19.0941
 18.0671
 17.0698
 16.1755
 15.4383
 14.8392
 14.3397
 13.9146
 13.5335
 13.1881
 12.8761
 12.5496
 12.18
 11.8449
 11.589
 11.4092
 11.449
 11.8345
 12.4921
 13.3587
 14.4295
 15.6439
 16.8851
 18.2024
 19.9989
 22.4496
 25.0891
 27.3152
 29
 17
 16.5866
 16.5091
 16.7263
 16.9889
 17.3526
 17.7914
 18.1564
 18.499
 18.867
 19.2363
 19.5757
 19.8618
 20.0902
 20.2493
 20.351
 20.4492
 20.566
 20.6806
 20.7726
 20.8487
 20.943
 21.0869
 21.2879
 21.5356
 21.8376
 22.2115
 22.622
 23.0112
 23.3637
 23.6791
 23.9763
 24.3048
 24.6908
 25.1275
 25.6133
 26.1513
 26.7149
 27.2621
 27.7775
 28.2795
 28.7958
 29.3419
 29.9166
 30.5088
 31.0966
 31.5594
 31.7687
 31.8042
 31.7858
 31.6612
 31.3501
 30.8901
 30.3309
 29.6006
 28.5815
 27.3181
 25.9809
 24.663
 23.3769
 22.1232
 20.9119
 19.7541
 18.6517
 17.6084
 16.6202
 15.7204
 14.9935
 14.4679
 14.0676
 13.7178
 13.482
 13.3925
 13.3542
 13.3482
 13.4574
 13.7317
 14.1225
 14.5981
 15.164
 15.8392
 16.7422
 17.9592
 19.4289
 21.1064
 23.055
 25.3383
 27.8668
 30.4044
 32.9676
 35.9755
 39.582
 43.5807
 47.4594
 50.6667
 21
 18.9888
 18.489
 18.7955
 19.0477
 19.3335
 19.6073
 19.8039
 20.0969
 20.5134
 20.955
 21.3605
 21.7136
 22.0403
 22.377
 22.7285
 23.105
 23.5408
 24.0334
 24.5265
 24.9637
 25.3187
 25.5957
 25.8114
 25.9716
 26.0767
 26.1213
 26.0924
 26.0157
 25.9677
 26.0097
 26.1615
 26.41
 26.7269
 27.1195
 27.6299
 28.268
 28.9959
 29.776
 30.5828
 31.3854
 32.1353
 32.7353
 33.0646
 33.1481
 33.1481
 33.0154
 32.5797
 31.9152
 31.1335
 30.2307
 29.2429
 28.2505
 27.2937
 26.3221
 25.2564
 24.1049
 22.9897
 22.0363
 21.2478
 20.5412
 19.8589
 19.2106
 18.6299
 18.1034
 17.575
 17.0178
 16.4778
 16.0464
 15.7597
 15.5572
 15.3914
 15.3779
 15.7084
 16.3873
 17.2792
 18.2646
 19.3374
 20.6721
 22.4203
 24.5854
 27.2927
 30.6266
 34.2743
 37.9198
 41.4785
 44.9177
 48.2185
 51.6763
 55.5985
 59.5976
 63.083
 65.5853
 67.0272
 68
 15.6667
 15.9299
 16.4189
 17.1297
 17.8851
 18.4814
 18.9449
 19.4058
 19.8722
 20.312
 20.7034
 21.0181
 21.2411
 21.3929
 21.5462
 21.7754
 22.0705
 22.3884
 22.7168
 23.0513
 23.3813
 23.709
 24.0523
 24.4342
 24.856
 25.2816
 25.681
 26.0294
 26.2767
 26.4531
 26.6923
 27.0429
 27.484
 28.0451
 28.7198
 29.4184
 30.0862
 30.7212
 31.3241
 31.9079
 32.4087
 32.7411
 32.9184
 32.9288
 32.6704
 32.0169
 30.9537
 29.6091
 28.141
 26.644
 25.1338
 23.5954
 22.0115
 20.4101
 18.886
 17.5323
 16.4073
 15.5364
 14.8861
 14.4211
 14.1019
 13.9041
 13.8446
 13.8572
 13.8736
 13.9773
 14.2664
 14.6927
 15.1786
 15.7596
 16.4968
 17.3586
 18.3641
 19.5994
 21.0576
 22.7218
 24.5938
 26.6443
 28.9283
 31.5575
 34.5085
 37.6169
 40.6408
 43.4202
 45.9901
 48.3678
 50.4774
 52.2094
 53.7398
 55.1129
 55.8165
 55.95
 55.7
 54.4095
 52
 19
 18.4174
 18.3702
 18.6083
 19.0121
 19.6649
 20.391
 21.068
 21.7715
 22.4932
 23.1604
 23.7695
 24.3564
 24.9564
 25.5555
 26.1192
 26.6297
 27.0803
 27.476
 27.8075
 28.0489
 28.2144
 28.3643
 28.5321
 28.7153
 28.9197
 29.1213
 29.2605
 29.3219
 29.3363
 29.3158
 29.2473
 29.1555
 29.0825
 29.0325
 29.0225
 29.0646
 29.0904
 29.0266
 28.893
 28.7275
 28.4765
 28.0759
 27.5485
 26.9146
 26.1713
 25.351
 24.4539
 23.4438
 22.3322
 21.1621
 19.9723
 18.7792
 17.6001
 16.5328
 15.6944
 15.0986
 14.7197
 14.5327
 14.4552
 14.4025
 14.4233
 14.6593
 15.1632
 15.8923
 16.8099
 17.958
 19.3747
 20.9913
 22.7428
 24.6414
 26.7594
 29.2255
 32.105
 35.3049
 38.6213
 41.8586
 44.9887
 48.044
 50.8855
 53.3917
 55.7058
 58.0014
 59.7564
 60.3935
 60.4272
 60.4221
 59.8699
 58.5787
 57.2543
 55.6217
 52.5443
 47.8573
 41.8242
 34.3333
 23.6667
 22.7505
 22.6702
 23.1039
 23.7739
 24.8077
 25.9016
 26.7697
 27.5657
 28.3818
 29.21
 30.083
 30.9656
 31.7299
 32.271
 32.5727
 32.6687
 32.6361
 32.5424
 32.3947
 32.1756
 31.9045
 31.6027
 31.2525
 30.8388
 30.3768
 29.8928
 29.4027
 28.9328
 28.505
 28.1102
 27.7318
 27.3702
 27.0385
 26.7487
 26.5001
 26.2541
 25.9306
 25.488
 24.957
 24.3677
 23.7162
 22.9886
 22.1914
 21.3524
 20.4901
 19.5924
 18.6362
 17.6237
 16.5918
 15.6127
 14.7633
 14.1932
 13.9909
 13.9745
 14.0467
 14.3331
 14.8673
 15.5634
 16.3812
 17.4119
 18.7488
 20.3042
 21.9836
 23.8333
 25.9192
 28.3579
 31.3078
 34.7359
 38.3836
 42.0214
 45.5717
 49.013
 52.2251
 55.1035
 57.7821
 60.3611
 62.6363
 64.0862
 64.5173
 64.5173
 64.2299
 63.2073
 61.446
 59.1172
 56.2332
 52.8538
 49.1489
 45.3807
 41.6255
 37.3642
 32.0654
 26.1247
 20.9463
 17.3333
 22.6667
 22.8179
 23.8402
 25.2016
 26.4619
 27.6748
 28.7796
 29.7869
 30.7994
 31.7743
 32.6025
 33.2812
 33.8657
 34.3792
 34.7982
 35.0774
 35.2068
 35.2488
 35.2708
 35.2273
 35.0414
 34.7267
 34.2701
 33.5801
 32.6485
 31.6074
 30.5632
 29.5411
 28.5426
 27.5387
 26.5049
 25.4808
 24.5409
 23.7139
 22.9783
 22.3304
 21.844
 21.5436
 21.2747
 20.9102
 20.4795
 20.0279
 19.5566
 19.0693
 18.5926
 18.1288
 17.6729
 17.3115
 17.1125
 16.9995
 16.9893
 17.1792
 17.5053
 17.9009
 18.4768
 19.3836
 20.6425
 22.1881
 23.9846
 26.0379
 28.2805
 30.6659
 33.3507
 36.5957
 40.4504
 44.6176
 48.8051
 52.8662
 56.6537
 60.064
 63.0603
 65.6499
 67.9521
 69.7285
 70.5259
 70.6514
 70.3139
 68.728
 65.5835
 61.7281
 57.8311
 53.9299
 49.8723
 45.5294
 40.9504
 36.2182
 31.3759
 26.7784
 22.683
 19.0161
 15.8517
 13.0002
 10.3613
 8.76543
 8.66667
 24
 25.6503
 26.6501
 27.5138
 28.5315
 29.5709
 30.6162
 31.6435
 32.591
 33.4905
 34.4106
 35.3183
 36.1275
 36.7439
 37.079
 37.1696
 37.1717
 37.0994
 36.8447
 36.3615
 35.6104
 34.6339
 33.5627
 32.4549
 31.2686
 29.9445
 28.5135
 27.1059
 25.8073
 24.6016
 23.4571
 22.3674
 21.3523
 20.4356
 19.5912
 18.7707
 17.9933
 17.3369
 16.8582
 16.5512
 16.3803
 16.3154
 16.2842
 16.247
 16.3144
 16.5976
 17.0786
 17.6825
 18.3111
 18.9697
 19.9224
 21.3584
 23.1502
 25.2094
 27.6417
 30.5264
 33.7948
 37.2814
 40.878
 44.6088
 48.4794
 52.4187
 56.3075
 59.8794
 62.9317
 65.5614
 67.8665
 69.6978
 70.7922
 71.1656
 71.2088
 70.9193
 69.8552
 67.9357
 65.3456
 62.1759
 58.4475
 54.257
 49.7713
 45.081
 40.2679
 35.4287
 30.6372
 26.0536
 21.8368
 18.1099
 15.0148
 12.5547
 10.4542
 8.60469
 7.56857
 7.33188
 7.3084
 8.05246
 10
 32
 31.435
 31.4545
 31.6781
 31.9627
 32.4637
 33.1552
 33.9243
 34.7284
 35.5099
 36.1359
 36.5394
 36.7522
 36.8785
 36.9801
 36.9485
 36.6543
 36.1334
 35.3726
 34.3096
 33.0606
 31.7522
 30.3871
 28.9967
 27.6211
 26.2068
 24.7293
 23.2921
 22.0293
 20.9645
 20.0125
 19.1286
 18.3264
 17.5792
 16.868
 16.2539
 15.8613
 15.729
 15.718
 15.7077
 15.719
 15.8417
 16.1695
 16.7598
 17.6014
 18.6834
 20.0156
 21.5922
 23.4795
 25.7644
 28.3559
 31.1432
 34.2963
 38.0031
 42.0727
 46.1207
 49.963
 53.6171
 57.0753
 60.3343
 63.4199
 66.1816
 68.4972
 70.2051
 71.0151
 71.1694
 71.1694
 70.7084
 69.1412
 66.6183
 63.5867
 60.2182
 56.5242
 52.3964
 47.8303
 42.9577
 37.9343
 33.0097
 28.4222
 24.2078
 20.4371
 17.2527
 14.5971
 12.3608
 10.487
 8.91507
 7.69032
 6.82613
 6.12745
 5.59854
 5.39357
 5.25805
 4.9297
 4.55887
 4.33333
 35
 35.3949
 35.9222
 36.4519
 36.8713
 37.1477
 37.2764
 37.3287
 37.3685
 37.3564
 37.2186
 36.9495
 36.5601
 36.0428
 35.4427
 34.8237
 34.1919
 33.5285
 32.8182
 32.0224
 31.0943
 30.0274
 28.8471
 27.5916
 26.3221
 25.0909
 23.9047
 22.7518
 21.6097
 20.4478
 19.268
 18.1404
 17.2189
 16.6793
 16.4987
 16.4527
 16.4249
 16.4729
 16.636
 17.0087
 17.8252
 19.1664
 20.9673
 23.2501
 25.9648
 28.8772
 31.8951
 35.1749
 38.8059
 42.6614
 46.5787
 50.5284
 54.4448
 58.037
 61.0126
 63.354
 65.2038
 66.7471
 68.1079
 69.076
 69.4564
 69.5066
 69.2789
 68.3907
 66.6282
 64.2302
 61.6404
 58.7953
 55.2795
 51.082
 46.5019
 41.7671
 37.0683
 32.5726
 28.2131
 23.9414
 20.1272
 17.0717
 14.5819
 12.3172
 10.3287
 8.91425
 8.15793
 7.81488
 7.63913
 7.54908
 7.49103
 7.33207
 7.08807
 6.98119
 6.9774
 6.93828
 6.81566
 5.8206
 3.33333
 38.3333
 39.4425
 39.6875
 39.5222
 39.2668
 38.7824
 38.3414
 38.0649
 37.7636
 37.434
 37.1447
 36.8361
 36.3835
 35.7212
 34.8272
 33.8025
 32.8349
 31.9291
 30.9625
 29.853
 28.5923
 27.2666
 25.9643
 24.6881
 23.4193
 22.2756
 21.4356
 20.8909
 20.532
 20.3403
 20.2674
 20.1874
 20.1335
 20.2662
 20.6865
 21.4513
 22.5451
 23.9171
 25.5382
 27.3963
 29.5737
 32.1628
 35.0778
 38.1564
 41.3378
 44.6568
 48.1314
 51.6504
 55.0391
 58.1855
 61.0489
 63.6789
 66.1321
 68.2674
 69.616
 70.0215
 70.0506
 69.886
 69.2087
 67.9278
 66.0441
 63.4815
 60.3182
 56.6381
 52.3868
 47.6081
 42.5891
 37.6078
 32.8804
 28.6858
 25.0414
 21.59
 18.1562
 15.0074
 12.3861
 10.2311
 8.49767
 7.30767
 6.64826
 6.24919
 5.92143
 5.65586
 5.40812
 5.13105
 4.87233
 4.70771
 4.65016
 4.64583
 4.61963
 4.55152
 4.49829
 4.47489
 4.47545
 4.62586
 5
 31.3333
 34.0594
 35.1864
 35.1819
 35.0705
 34.8397
 34.4055
 34.0678
 33.7274
 33.2815
 32.8295
 32.3335
 31.7408
 31.0532
 30.2989
 29.5419
 28.8716
 28.3052
 27.7879
 27.2617
 26.6954
 26.0953
 25.4685
 24.814
 24.2483
 23.8934
 23.6745
 23.5702
 23.7589
 24.3089
 25.0428
 25.9099
 27.0934
 28.6705
 30.5988
 32.876
 35.4881
 38.373
 41.4555
 44.6541
 47.9282
 51.2867
 54.7189
 58.1899
 61.5971
 64.7003
 67.3161
 69.4818
 71.2648
 72.4971
 73.1114
 73.3769
 73.3465
 72.6918
 71.0546
 68.4169
 65.0609
 61.2044
 56.9412
 52.3886
 47.7115
 43.0114
 38.2756
 33.4914
 28.8414
 24.5947
 20.8873
 17.7342
 15.0793
 12.8937
 11.1943
 9.91657
 8.90984
 8.04696
 7.27457
 6.61331
 6.13313
 5.8491
 5.67759
 5.5292
 5.36729
 5.18783
 5.01296
 4.87531
 4.78367
 4.72582
 4.68305
 4.63813
 4.60129
 4.57775
 4.54082
 4.47873
 4.35284
 4.08107
 3.66667
 31.6667
 31.1511
 30.5336
 29.8851
 29.212
 28.5484
 27.9441
 27.3676
 26.7707
 26.1392
 25.5174
 24.9248
 24.3554
 23.8455
 23.4204
 23.0547
 22.7208
 22.4136
 22.1322
 21.8761
 21.6722
 21.5458
 21.4713
 21.478
 21.645
 21.9347
 22.2637
 22.6581
 23.2035
 23.978
 25.0527
 26.4211
 28.0086
 29.7695
 31.713
 33.9299
 36.5668
 39.6076
 42.8022
 45.9435
 48.9641
 51.8205
 54.48
 56.8855
 59.0228
 60.8709
 62.0766
 62.463
 62.482
 62.2046
 61.1717
 59.3143
 56.8559
 53.9786
 50.8099
 47.3419
 43.5015
 39.2527
 34.7018
 30.2572
 26.3318
 22.8623
 19.5331
 16.3607
 13.6277
 11.4097
 9.57904
 8.0711
 6.92267
 6.14227
 5.69034
 5.51981
 5.51922
 5.54372
 5.52825
 5.48671
 5.43107
 5.34687
 5.22833
 5.08963
 4.94026
 4.78642
 4.63397
 4.47717
 4.30858
 4.12791
 3.9366
 3.7384
 3.54084
 3.35674
 3.18285
 2.97253
 2.69497
 2.44825
 2.33333
 27.3333
 25.9206
 24.8478
 24.0142
 23.3245
 22.7902
 22.2562
 21.6489
 21.0371
 20.4488
 19.8773
 19.366
 18.9217
 18.5188
 18.1487
 17.8088
 17.4593
 17.0508
 16.6398
 16.3663
 16.2644
 16.2387
 16.2544
 16.3284
 16.4467
 16.6684
 17.0651
 17.6512
 18.4947
 19.6612
 21.1508
 23.0535
 25.4528
 28.1917
 31.0275
 33.8424
 36.6572
 39.5063
 42.3152
 44.9884
 47.4902
 49.7652
 51.7334
 53.2182
 53.9835
 54.1633
 54.1633
 53.7656
 52.4939
 50.6047
 48.4464
 46.0085
 43.2286
 40.0708
 36.583
 32.8541
 28.9756
 25.0236
 21.1521
 17.7472
 15.0557
 12.8728
 10.9732
 9.297
 7.82216
 6.61889
 5.77882
 5.30016
 5.10496
 5.06221
 5.03904
 4.98435
 4.91285
 4.83518
 4.75182
 4.68449
 4.66104
 4.68279
 4.73313
 4.79185
 4.83817
 4.85566
 4.8396
 4.79396
 4.72147
 4.621
 4.48834
 4.32092
 4.13378
 3.93477
 3.6933
 3.40234
 3.07732
 2.71495
 2.33333
 20.3333
 20.3042
 20.2187
 20.1208
 20.0542
 19.9937
 19.9178
 19.8721
 19.9103
 20.0351
 20.2383
 20.5074
 20.8005
 21.088
 21.3842
 21.7069
 22.0432
 22.3631
 22.641
 22.8689
 23.1203
 23.5723
 24.3223
 25.259
 26.2464
 27.3301
 28.6485
 30.2583
 32.193
 34.4728
 37.0348
 39.8298
 42.8027
 45.7755
 48.4854
 50.8079
 52.8754
 54.8546
 56.4249
 57.1255
 57.235
 57.2044
 56.7583
 55.4969
 53.5959
 51.1549
 48.0728
 44.5181
 40.6847
 36.6454
 32.5012
 28.3943
 24.516
 21.0767
 18.116
 15.4918
 13.0953
 10.9532
 9.1676
 7.85152
 7.01348
 6.53696
 6.28112
 6.11669
 5.97865
 5.86181
 5.74794
 5.61977
 5.49228
 5.39167
 5.31936
 5.24581
 5.14225
 5.00757
 4.85838
 4.69851
 4.52
 4.33305
 4.16359
 4.02435
 3.9061
 3.78856
 3.65751
 3.50633
 3.34141
 3.18773
 3.06042
 2.95669
 2.86122
 2.78201
 2.7489
 2.72221
 2.72415
 2.83749
 3
 22.3333
 21.4896
 21.4124
 21.6578
 21.8063
 22.0113
 22.2433
 22.4423
 22.7363
 23.1529
 23.6521
 24.2392
 24.9112
 25.6343
 26.3624
 27.0503
 27.7098
 28.4643
 29.461
 30.7369
 32.229
 33.8868
 35.7537
 37.8574
 40.1125
 42.4622
 44.9143
 47.4312
 49.9619
 52.4772
 54.894
 57.0264
 58.6766
 59.6789
 60.0998
 60.2589
 60.2838
 59.9013
 58.7541
 56.9015
 54.5789
 51.7817
 48.3852
 44.4572
 40.3856
 36.4984
 32.7793
 29.0831
 25.371
 21.7339
 18.3523
 15.3653
 12.7978
 10.6248
 8.83929
 7.59
 6.95678
 6.62727
 6.29325
 5.96955
 5.74221
 5.58058
 5.43379
 5.32767
 5.28527
 5.266
 5.22357
 5.1458
 5.03752
 4.9118
 4.7782
 4.62987
 4.46932
 4.31812
 4.18483
 4.06991
 3.96821
 3.85794
 3.7273
 3.58395
 3.44209
 3.31307
 3.197
 3.09114
 2.99784
 2.91266
 2.82222
 2.72301
 2.61424
 2.50919
 2.42922
 2.3508
 2.24359
 2.11989
 2
 26
 24.907
 24.5481
 24.5119
 24.6364
 25.2488
 26.1318
 27.0166
 27.9994
 29.0972
 30.2496
 31.469
 32.8118
 34.3409
 36.1073
 38.0852
 40.1447
 42.2514
 44.5211
 46.9664
 49.4366
 51.8487
 54.2647
 56.7437
 59.2506
 61.6833
 63.9518
 66.0043
 67.5321
 68.2063
 68.3192
 68.1708
 67.3455
 65.6097
 63.462
 61.1265
 58.2618
 54.5988
 50.2821
 45.6858
 40.9695
 36.1106
 31.303
 27.0434
 23.5776
 20.6083
 17.8305
 15.2004
 12.7823
 10.7339
 9.2419
 8.31213
 7.67158
 7.08054
 6.5803
 6.24452
 6.01085
 5.81244
 5.64139
 5.51264
 5.43278
 5.35645
 5.22342
 5.04062
 4.85228
 4.68174
 4.52806
 4.38595
 4.24601
 4.09744
 3.94174
 3.77547
 3.5874
 3.3894
 3.21078
 3.06924
 2.96845
 2.89544
 2.82712
 2.74892
 2.66014
 2.56674
 2.47231
 2.37772
 2.28306
 2.18877
 2.09774
 2.01667
 1.94432
 1.8743
 1.80404
 1.71264
 1.57066
 1.42141
 1.33333
 23.6667
 26.4889
 28.3145
 29.9241
 32.0758
 34.3767
 36.4704
 38.4704
 40.4022
 42.2964
 44.2908
 46.4137
 48.7635
 51.3832
 53.9452
 56.1942
 58.2651
 60.3326
 62.3968
 64.4076
 66.3452
 68.1699
 69.8074
 71.0421
 71.7614
 72.1263
 72.0883
 71.3751
 69.8619
 67.5915
 64.5761
 60.8904
 56.8338
 52.6808
 48.4348
 43.9899
 39.3585
 34.6159
 29.9441
 25.6513
 21.9446
 18.7982
 16.097
 13.8727
 12.1972
 10.8889
 9.67058
 8.55114
 7.68493
 7.08081
 6.68059
 6.43001
 6.264
 6.1337
 6.01345
 5.91637
 5.87978
 5.91728
 6.00063
 6.05711
 6.02525
 5.91604
 5.77236
 5.61769
 5.45706
 5.28718
 5.0999
 4.88066
 4.62032
 4.33106
 4.03123
 3.74462
 3.49836
 3.29508
 3.1241
 2.98274
 2.8634
 2.74278
 2.60749
 2.46655
 2.33181
 2.20209
 2.0649
 1.91509
 1.77154
 1.66023
 1.59473
 1.56685
 1.54697
 1.53634
 1.54106
 1.55152
 1.61638
 1.87731
 2.33333
 40.3333
 41.0637
 42.82
 45.1507
 47.49
 49.9685
 52.6264
 55.2728
 57.922
 60.6111
 63.1948
 65.5427
 67.652
 69.6004
 71.4524
 73.1753
 74.6465
 75.6543
 76.147
 76.4222
 76.4884
 75.942
 74.6293
 72.5723
 69.7445
 66.3591
 62.7544
 58.9312
 54.6884
 50.0833
 45.2971
 40.3021
 35.099
 29.9923
 25.4512
 21.7065
 18.6127
 16.048
 13.9281
 12.014
 10.2446
 8.81194
 7.75699
 6.99744
 6.57083
 6.45643
 6.44505
 6.34943
 6.13788
 5.8596
 5.57714
 5.33938
 5.17486
 5.08017
 5.00843
 4.91392
 4.78765
 4.64329
 4.49447
 4.34564
 4.19935
 4.05972
 3.92615
 3.78707
 3.62764
 3.45165
 3.27954
 3.12389
 2.98267
 2.84838
 2.71531
 2.58079
 2.44827
 2.32354
 2.20641
 2.09819
 2.00787
 1.94343
 1.90968
 1.90418
 1.90269
 1.88337
 1.85219
 1.81725
 1.78108
 1.74567
 1.71092
 1.6818
 1.65692
 1.63023
 1.61445
 1.62201
 1.68289
 1.99117
 2.66667
 62.3333
 64.711
 68.7874
 73.6567
 77.8316
 80.8397
 83.134
 85.4251
 87.7691
 89.8857
 91.4522
 92.2726
 92.6015
 92.7063
 92.3296
 90.9487
 88.4827
 85.2494
 81.5521
 77.4586
 72.9512
 68.0586
 62.7705
 57.0784
 51.0492
 44.9122
 38.9558
 33.5496
 29.0328
 25.3037
 21.9965
 18.9832
 16.3581
 14.1671
 12.4019
 11.0089
 9.89482
 9.01262
 8.308
 7.72078
 7.21305
 6.75827
 6.39294
 6.18714
 6.12994
 6.1239
 6.07746
 5.97244
 5.86663
 5.81654
 5.80638
 5.77623
 5.68695
 5.53971
 5.35362
 5.14045
 4.89861
 4.62499
 4.33292
 4.05914
 3.82125
 3.58643
 3.32414
 3.04866
 2.79437
 2.58046
 2.40431
 2.25437
 2.12017
 1.99989
 1.8986
 1.81761
 1.75721
 1.72603
 1.72686
 1.74301
 1.75798
 1.7721
 1.79581
 1.83859
 1.90631
 1.99632
 2.09826
 2.19074
 2.24384
 2.25725
 2.25576
 2.23251
 2.18652
 2.14071
 2.07501
 1.93418
 1.63644
 1.26019
 1
 93.3333
 92.2529
 91.9183
 91.9883
 92.1489
 92.5515
 93.0295
 93.3389
 93.4427
 92.9473
 91.5174
 89.3883
 86.8204
 83.8873
 80.5834
 76.7296
 72.0846
 66.6643
 60.7368
 54.5779
 48.3814
 42.3497
 36.8505
 32.1422
 28.0391
 24.2378
 20.6903
 17.5109
 14.7943
 12.6785
 11.2437
 10.3115
 9.60746
 8.93581
 8.23568
 7.56729
 7.00789
 6.62897
 6.4452
 6.36277
 6.27936
 6.15511
 5.98718
 5.79597
 5.6118
 5.47749
 5.42957
 5.42405
 5.37236
 5.2451
 5.06287
 4.83675
 4.58265
 4.33971
 4.12221
 3.91449
 3.70682
 3.49018
 3.24346
 2.9619
 2.68624
 2.46147
 2.29135
 2.16111
 2.06292
 1.98673
 1.9209
 1.86709
 1.82561
 1.78823
 1.75902
 1.7495
 1.75649
 1.76746
 1.78422
 1.81603
 1.85335
 1.8761
 1.88177
 1.88177
 1.87394
 1.85071
 1.82547
 1.81299
 1.81817
 1.84405
 1.8832
 1.92982
 1.97595
 2.01657
 2.09127
 2.24137
 2.41933
 2.55709
 2.66667
 83.3333
 96.7236
 101.058
 100.979
 100.344
 98.092
 95.0591
 92.2399
 88.5729
 83.606
 78.0737
 72.4884
 66.9985
 61.4758
 55.8137
 49.9579
 44.0988
 38.6754
 33.7955
 29.2962
 25.1837
 21.5639
 18.5236
 16.1049
 14.1742
 12.5321
 11.1127
 9.8694
 8.84784
 8.1342
 7.60618
 7.15353
 6.81076
 6.57895
 6.40152
 6.23133
 6.04971
 5.84912
 5.62122
 5.37137
 5.102
 4.82553
 4.58051
 4.38651
 4.24671
 4.16243
 4.08888
 3.9691
 3.80373
 3.6083
 3.38851
 3.17731
 3.00591
 2.86905
 2.75107
 2.64381
 2.5449
 2.45483
 2.37262
 2.3028
 2.26639
 2.27875
 2.3214
 2.36143
 2.37354
 2.34915
 2.2991
 2.22756
 2.13234
 2.02661
 1.92516
 1.8296
 1.73605
 1.64122
 1.54198
 1.4379
 1.3348
 1.24212
 1.16984
 1.12912
 1.11815
 1.12322
 1.13924
 1.16264
 1.18817
 1.21613
 1.25254
 1.30231
 1.35808
 1.42241
 1.51247
 1.61653
 1.71913
 1.84306
 2
 97.6667
 98.2684
 97.2639
 93.8942
 89.3041
 84.1458
 78.7267
 73.6386
 68.4191
 62.7347
 56.8643
 50.9135
 45.1
 39.6706
 34.5052
 29.6419
 25.4338
 21.9062
 18.8486
 16.1587
 13.9075
 12.169
 10.7778
 9.58069
 8.68524
 8.17321
 7.91811
 7.77525
 7.65025
 7.47072
 7.22374
 6.94001
 6.65277
 6.39002
 6.16527
 5.96683
 5.76867
 5.54931
 5.30636
 5.05683
 4.81215
 4.56322
 4.29929
 4.02191
 3.73658
 3.45398
 3.19234
 2.96981
 2.79276
 2.65291
 2.54702
 2.47617
 2.42903
 2.39615
 2.38212
 2.38922
 2.40952
 2.43423
 2.45429
 2.46316
 2.46461
 2.4618
 2.44877
 2.43112
 2.42369
 2.42369
 2.42627
 2.44227
 2.47423
 2.50133
 2.51085
 2.51215
 2.51015
 2.50184
 2.49244
 2.49079
 2.4915
 2.47991
 2.4457
 2.37399
 2.25961
 2.12982
 2.01989
 1.94592
 1.90757
 1.89297
 1.88405
 1.87846
 1.8815
 1.89615
 1.92782
 2.01398
 2.15224
 2.35647
 2.66667
 99.6667
 89.1505
 79.9112
 72.3726
 65.7022
 59.6457
 53.9451
 48.0742
 42.4501
 37.4878
 33.1195
 29.1852
 25.5298
 22.2108
 19.4132
 17.1356
 15.1542
 13.3399
 11.8003
 10.6447
 9.84115
 9.2847
 8.82935
 8.35853
 7.87431
 7.4492
 7.12754
 6.89643
 6.71323
 6.53777
 6.34944
 6.14969
 5.94182
 5.7228
 5.50227
 5.30219
 5.1248
 4.94299
 4.74397
 4.53878
 4.33506
 4.13003
 3.9187
 3.70902
 3.51342
 3.33077
 3.14536
 2.9424
 2.7374
 2.56188
 2.4221
 2.30795
 2.21762
 2.15027
 2.09234
 2.03318
 1.97398
 1.91678
 1.86735
 1.83776
 1.82972
 1.83509
 1.85553
 1.88614
 1.91138
 1.92874
 1.94481
 1.9652
 1.99207
 2.02738
 2.07304
 2.1265
 2.18145
 2.22045
 2.2326
 2.2326
 2.22475
 2.2019
 2.17243
 2.1415
 2.10413
 2.05778
 2.00286
 1.94072
 1.88601
 1.85873
 1.8535
 1.85467
 1.86003
 1.87322
 1.90387
 1.97432
 2.1063
 2.2505
 2.33333
 61.6667
 56.5415
 50.6101
 43.8713
 37.9627
 33.6274
 30.0393
 26.5171
 23.1424
 20.1063
 17.4036
 15.1841
 13.6158
 12.5708
 11.7711
 11.1209
 10.5757
 10.0475
 9.50269
 8.94362
 8.38984
 7.86908
 7.40242
 7.00363
 6.68295
 6.43589
 6.24347
 6.07547
 5.89022
 5.67185
 5.43993
 5.21457
 5.00782
 4.82257
 4.65503
 4.50281
 4.35547
 4.19529
 4.01515
 3.8136
 3.59413
 3.37298
 3.16753
 2.98585
 2.82242
 2.66833
 2.52377
 2.39221
 2.27633
 2.17954
 2.10058
 2.0389
 2.00331
 1.99369
 1.99369
 2.01048
 2.08059
 2.20594
 2.34368
 2.46161
 2.55366
 2.6245
 2.6785
 2.72017
 2.75685
 2.79211
 2.81759
 2.8258
 2.8258
 2.81086
 2.76691
 2.71022
 2.65315
 2.59141
 2.52682
 2.46395
 2.40377
 2.34499
 2.28627
 2.22929
 2.18136
 2.15014
 2.13639
 2.13343
 2.1421
 2.17819
 2.24632
 2.32508
 2.39251
 2.4541
 2.54468
 2.6989
 2.89179
 3.01191
 3
 35.3333
 30.9797
 27.3017
 24.0621
 21.2876
 19.1181
 17.2679
 15.4591
 13.7945
 12.4059
 11.2656
 10.3902
 9.79888
 9.40393
 9.07813
 8.7987
 8.58159
 8.39414
 8.18413
 7.93463
 7.66104
 7.37032
 7.06095
 6.72891
 6.35142
 5.9243
 5.50425
 5.13922
 4.81915
 4.52451
 4.25598
 4.02571
 3.8347
 3.6602
 3.48161
 3.29985
 3.12771
 2.973
 2.82954
 2.69263
 2.56477
 2.44687
 2.3405
 2.24594
 2.15992
 2.08673
 2.04264
 2.03044
 2.03318
 2.04548
 2.08047
 2.14381
 2.2176
 2.28527
 2.34691
 2.40647
 2.46454
 2.51828
 2.56346
 2.59308
 2.60837
 2.62563
 2.65478
 2.69053
 2.7302
 2.77958
 2.84186
 2.91229
 2.98142
 3.0312
 3.05102
 3.05455
 3.05497
 3.04737
 3.01859
 2.96777
 2.9057
 2.83797
 2.75625
 2.6536
 2.53661
 2.41671
 2.30696
 2.21692
 2.15251
 2.10708
 2.05826
 2.01613
 1.9946
 1.9666
 1.95261
 2.00852
 2.16973
 2.83504
 4.33333
 20.3333
 18.4584
 16.6375
 15.1365
 13.8329
 12.6581
 11.6482
 10.6963
 9.81274
 9.06629
 8.46826
 7.9587
 7.46486
 7.0075
 6.66128
 6.4311
 6.25388
 6.09792
 5.96058
 5.81839
 5.65229
 5.47352
 5.29864
 5.13512
 4.98854
 4.86835
 4.77942
 4.69572
 4.57991
 4.43267
 4.27661
 4.11118
 3.91907
 3.70601
 3.50539
 3.33452
 3.1761
 3.01562
 2.85658
 2.69896
 2.55211
 2.44028
 2.36795
 2.32201
 2.29952
 2.3029
 2.32245
 2.34274
 2.36012
 2.37965
 2.40243
 2.42512
 2.44438
 2.45944
 2.47152
 2.47832
 2.4762
 2.47024
 2.47345
 2.49197
 2.51995
 2.55567
 2.60256
 2.65498
 2.7058
 2.75561
 2.80639
 2.86305
 2.93534
 3.02437
 3.11717
 3.19536
 3.25124
 3.29316
 3.32545
 3.34287
 3.34723
 3.34901
 3.35436
 3.35899
 3.35207
 3.32677
 3.28591
 3.23544
 3.18366
 3.15123
 3.16544
 3.27707
 3.44752
 3.56286
 3.67456
 3.89172
 4.30766
 5.28194
 7
 12.6667
 12.2159
 11.7214
 11.0842
 10.418
 9.83171
 9.26472
 8.7042
 8.18887
 7.72135
 7.28856
 6.90164
 6.58735
 6.32821
 6.06808
 5.78615
 5.5015
 5.23246
 4.99268
 4.78605
 4.59223
 4.38523
 4.1568
 3.90021
 3.61803
 3.35392
 3.14682
 2.98976
 2.86467
 2.76691
 2.69995
 2.65526
 2.61446
 2.58115
 2.56821
 2.5692
 2.58007
 2.61403
 2.67197
 2.72919
 2.7694
 2.79815
 2.82062
 2.84209
 2.87427
 2.92136
 2.98074
 3.05172
 3.12798
 3.19744
 3.25456
 3.30279
 3.34272
 3.37491
 3.4101
 3.45957
 3.5272
 3.60407
 3.67592
 3.74102
 3.80431
 3.86447
 3.91901
 3.97083
 4.02306
 4.07916
 4.1475
 4.22302
 4.28272
 4.31884
 4.33866
 4.34713
 4.34775
 4.34415
 4.34798
 4.36867
 4.40045
 4.43618
 4.47486
 4.5184
 4.56771
 4.61732
 4.65784
 4.69108
 4.73275
 4.79039
 4.86158
 4.95405
 5.05428
 5.1309
 5.19453
 5.27969
 5.42624
 5.75459
 6.33333
 9.66667
 9.70191
 9.43415
 8.9783
 8.54455
 8.16463
 7.80847
 7.48336
 7.17828
 6.88218
 6.60708
 6.35022
 6.10017
 5.84947
 5.60365
 5.37291
 5.16037
 4.97428
 4.82538
 4.69652
 4.55881
 4.41393
 4.27749
 4.152
 4.03424
 3.93452
 3.87658
 3.84854
 3.80538
 3.73431
 3.64645
 3.5407
 3.41828
 3.2954
 3.18275
 3.09893
 3.0643
 3.0597
 3.0597
 3.08316
 3.15371
 3.25245
 3.36386
 3.48876
 3.62115
 3.75922
 3.90819
 4.06542
 4.2069
 4.31361
 4.39238
 4.44856
 4.47438
 4.47427
 4.47036
 4.47588
 4.49043
 4.51149
 4.53253
 4.5416
 4.53568
 4.53191
 4.54751
 4.58129
 4.62645
 4.68626
 4.76854
 4.86633
 4.96317
 5.06109
 5.17006
 5.28874
 5.41548
 5.54645
 5.66612
 5.76371
 5.84575
 5.9194
 5.97594
 6.00397
 6.01405
 6.02751
 6.04522
 6.05408
 6.04903
 6.03385
 6.03491
 6.1157
 6.25258
 6.35212
 6.4539
 6.6216
 6.90123
 7.6257
 9
 10.3333
 9.5428
 8.81768
 8.11872
 7.5088
 7.02339
 6.57747
 6.12998
 5.71227
 5.33044
 4.97379
 4.66078
 4.41168
 4.22904
 4.08885
 3.95909
 3.83148
 3.71513
 3.6241
 3.56225
 3.51592
 3.47784
 3.45263
 3.44261
 3.44334
 3.44247
 3.43119
 3.4136
 3.3952
 3.37915
 3.36742
 3.35687
 3.3394
 3.30978
 3.27375
 3.24518
 3.233
 3.24463
 3.28888
 3.3641
 3.45798
 3.55272
 3.64417
 3.7407
 3.84511
 3.95967
 4.09908
 4.28139
 4.48603
 4.66654
 4.81098
 4.93413
 5.04013
 5.12881
 5.22144
 5.3401
 5.48548
 5.65509
 5.83996
 6.01893
 6.17716
 6.32615
 6.49134
 6.68453
 6.90744
 7.16343
 7.44698
 7.73951
 8.02992
 8.30268
 8.53123
 8.71626
 8.8779
 9.03149
 9.18178
 9.31353
 9.40683
 9.44725
 9.43575
 9.39865
 9.35937
 9.32014
 9.27792
 9.24108
 9.22937
 9.25634
 9.31738
 9.39805
 9.48249
 9.57147
 9.68348
 9.85181
 10.111
 10.4091
 10.6667
 4.33333
 5.23285
 5.60418
 5.64561
 5.64448
 5.61162
 5.53758
 5.44945
 5.31967
 5.15635
 5.01343
 4.90089
 4.80356
 4.7068
 4.6057
 4.5087
 4.4344
 4.39583
 4.38618
 4.39804
 4.44198
 4.50073
 4.53386
 4.54032
 4.54032
 4.52739
 4.49238
 4.45773
 4.44174
 4.44901
 4.48704
 4.54984
 4.62213
 4.69497
 4.7696
 4.85661
 4.96968
 5.10777
 5.25256
 5.39302
 5.5275
 5.64965
 5.75231
 5.83552
 5.89888
 5.93991
 5.96582
 5.98578
 5.9984
 6.00267
 6.02606
 6.10737
 6.26726
 6.52878
 6.88103
 7.24917
 7.57437
 7.86451
 8.15174
 8.45506
 8.79033
 9.16394
 9.55626
 9.92814
 10.2492
 10.5055
 10.6675
 10.7516
 10.847
 10.9994
 11.1933
 11.4113
 11.624
 11.7955
 11.9293
 12.043
 12.1443
 12.2366
 12.3141
 12.3718
 12.4045
 12.4029
 12.3671
 12.3254
 12.3519
 12.4994
 12.7338
 13.0056
 13.2756
 13.5358
 13.8888
 14.491
 15.3063
 15.9853
 16.3333
 6
 6.55328
 6.66008
 6.55026
 6.38957
 6.07359
 5.75024
 5.53235
 5.32743
 5.1273
 4.96715
 4.82758
 4.68226
 4.5648
 4.51988
 4.51674
 4.51763
 4.56748
 4.71265
 4.90048
 5.07112
 5.21299
 5.32804
 5.43022
 5.53421
 5.65043
 5.78082
 5.91365
 6.03441
 6.13499
 6.20658
 6.2368
 6.23279
 6.23392
 6.2635
 6.31383
 6.38347
 6.47311
 6.57021
 6.67026
 6.78604
 6.91821
 7.0633
 7.24007
 7.45821
 7.7046
 7.98238
 8.3096
 8.671
 9.02896
 9.37025
 9.70023
 10.0277
 10.3672
 10.7323
 11.1286
 11.5457
 11.9797
 12.4349
 12.8774
 13.2763
 13.6491
 14.0124
 14.3679
 14.7413
 15.1564
 15.5808
 15.9586
 16.2714
 16.5296
 16.7371
 16.8827
 16.9727
 17.0399
 17.1034
 17.1503
 17.1632
 17.1479
 17.1067
 17.0219
 16.8811
 16.7201
 16.5915
 16.5041
 16.4832
 16.5785
 16.7768
 17.0496
 17.3418
 17.6039
 17.9425
 18.5553
 19.4947
 20.5803
 21.6667
 6.33333
 5.87203
 5.50908
 5.33155
 5.29439
 5.29439
 5.299
 5.32627
 5.38643
 5.47005
 5.5912
 5.7738
 5.99776
 6.21796
 6.40183
 6.53847
 6.63535
 6.69743
 6.73084
 6.75952
 6.80305
 6.86949
 6.96921
 7.10925
 7.28633
 7.48512
 7.67848
 7.85427
 8.02349
 8.19331
 8.36262
 8.53514
 8.72732
 8.94562
 9.1667
 9.36064
 9.48928
 9.54292
 9.61218
 9.78615
 10.0503
 10.3692
 10.7421
 11.1529
 11.5641
 11.9701
 12.392
 12.8555
 13.3746
 13.9307
 14.5014
 15.0795
 15.6294
 16.1067
 16.5185
 16.8783
 17.1773
 17.4283
 17.6784
 17.9587
 18.2578
 18.5596
 18.8639
 19.173
 19.4729
 19.7504
 20.0267
 20.3323
 20.6938
 21.1262
 21.5805
 21.9609
 22.2227
 22.4031
 22.5351
 22.6201
 22.6724
 22.7013
 22.7053
 22.6892
 22.6324
 22.5014
 22.3109
 22.1235
 21.9744
 21.8317
 21.6739
 21.7143
 21.9937
 22.1533
 22.2433
 22.5277
 23.1539
 25.5174
 30.6667
 6.66667
 6.52057
 6.41895
 6.4219
 6.45557
 6.54881
 6.75504
 6.96371
 7.13115
 7.29357
 7.46187
 7.64687
 7.85575
 8.07717
 8.29222
 8.48788
 8.6477
 8.74772
 8.81063
 8.90506
 9.05133
 9.23014
 9.43444
 9.65306
 9.86023
 10.049
 10.2382
 10.4398
 10.6508
 10.8572
 11.0418
 11.1969
 11.3129
 11.3769
 11.4069
 11.4428
 11.5245
 11.6855
 11.927
 12.2241
 12.563
 12.9441
 13.3562
 13.7894
 14.264
 14.8271
 15.4974
 16.22
 16.9367
 17.6198
 18.2466
 18.819
 19.3561
 19.8798
 20.4229
 21.0244
 21.6662
 22.2649
 22.7815
 23.2375
 23.6674
 24.0965
 24.5275
 24.967
 25.4463
 25.9705
 26.4591
 26.826
 27.0783
 27.2586
 27.3892
 27.4675
 27.5036
 27.529
 27.5286
 27.4436
 27.2309
 26.8943
 26.4424
 25.8899
 25.2883
 24.6922
 24.1309
 23.6179
 23.2381
 23.0632
 23.0133
 23.0731
 23.2309
 23.3929
 23.6938
 24.4902
 26.0142
 27.7459
 29
 6.33333
 7.74942
 8.40022
 8.61211
 8.81604
 9.04161
 9.28584
 9.53514
 9.72026
 9.87704
 10.0855
 10.3365
 10.6043
 10.8784
 11.1451
 11.3914
 11.6087
 11.8132
 12.0379
 12.2899
 12.5605
 12.8385
 13.1152
 13.3986
 13.6964
 14.0129
 14.3531
 14.7072
 15.0549
 15.3826
 15.6878
 15.9729
 16.2459
 16.5209
 16.8062
 17.0987
 17.3865
 17.6579
 17.8941
 18.0844
 18.2769
 18.5343
 18.8617
 19.2239
 19.5894
 19.9554
 20.3352
 20.7528
 21.2203
 21.7362
 22.2997
 22.8826
 23.4549
 24.0151
 24.5626
 25.0993
 25.6712
 26.347
 27.1594
 28.048
 28.8689
 29.5581
 30.1781
 30.7812
 31.3812
 32.0043
 32.6589
 33.3169
 33.9208
 34.3425
 34.5119
 34.5423
 34.5468
 34.4926
 34.3061
 33.9741
 33.4291
 32.6047
 31.6107
 30.5846
 29.5607
 28.5767
 27.7505
 27.1844
 26.8778
 26.7493
 26.7033
 26.7709
 26.9773
 27.4064
 28.4082
 30.012
 31.7624
 33.1487
 34
 8.66667
 10.2715
 11.2484
 11.7095
 11.998
 12.2842
 12.6622
 13.0809
 13.4372
 13.7576
 14.1037
 14.4931
 14.9167
 15.364
 15.8483
 16.3768
 16.9079
 17.386
 17.8159
 18.2413
 18.6592
 19.0322
 19.3508
 19.6068
 19.7878
 19.9285
 20.0753
 20.2281
 20.3724
 20.5211
 20.6952
 20.9012
 21.1375
 21.3983
 21.6813
 21.9965
 22.3623
 22.8079
 23.3509
 23.9501
 24.5347
 25.0862
 25.633
 26.1962
 26.768
 27.3313
 27.8884
 28.4521
 29.0284
 29.6089
 30.1715
 30.7195
 31.2935
 31.9023
 32.5205
 33.1395
 33.7693
 34.421
 35.1153
 35.8646
 36.6423
 37.404
 38.1125
 38.7732
 39.4257
 40.0832
 40.7517
 41.4479
 42.1548
 42.8248
 43.4052
 43.8057
 43.9754
 44.0052
 43.9167
 43.5794
 42.9551
 42.1214
 41.1313
 39.9842
 38.7033
 37.3517
 35.9594
 34.5302
 33.1111
 31.9351
 31.2032
 30.8164
 30.6553
 30.5496
 30.5989
 31.1368
 32.5632
 37.6024
 48.3333
 12
 13.9318
 15.2361
 16.0235
 16.6339
 17.1476
 17.6068
 18.1078
 18.6069
 19.0503
 19.4626
 19.8805
 20.3379
 20.8296
 21.3497
 21.8938
 22.4361
 22.968
 23.5035
 24.0275
 24.4996
 24.9093
 25.2757
 25.6089
 25.8954
 26.1111
 26.2588
 26.4041
 26.6245
 26.933
 27.2971
 27.6967
 28.1357
 28.6152
 29.1208
 29.652
 30.2422
 30.9076
 31.6258
 32.3484
 33.008
 33.5792
 34.0915
 34.5876
 35.0918
 35.5982
 36.097
 36.5821
 37.031
 37.4361
 37.8344
 38.2757
 38.7883
 39.3746
 40.045
 40.7813
 41.5081
 42.1907
 42.8525
 43.5191
 44.2396
 45.0761
 46.003
 46.9275
 47.7559
 48.3899
 48.8084
 49.0773
 49.2269
 49.2695
 49.2989
 49.35
 49.2849
 48.9899
 48.4564
 47.6258
 46.4258
 44.9509
 43.4115
 41.9558
 40.6075
 39.3115
 38.0173
 36.722
 35.4812
 34.4679
 33.9086
 33.767
 33.767
 33.8945
 34.3889
 35.426
 37.3999
 40.2144
 43
 20.6667
 22.1692
 23.0654
 23.5024
 23.7565
 23.8794
 24.0041
 24.2287
 24.4573
 24.6346
 24.8036
 24.9837
 25.1565
 25.3079
 25.4526
 25.6361
 25.9023
 26.2468
 26.6437
 27.0833
 27.5499
 28.0293
 28.5527
 29.1663
 29.8657
 30.5911
 31.2968
 31.9839
 32.6402
 33.2331
 33.7669
 34.2647
 34.7339
 35.1913
 35.6274
 35.9586
 36.1588
 36.3573
 36.6843
 37.148
 37.7115
 38.4006
 39.223
 40.0843
 40.9042
 41.6692
 42.3931
 43.1189
 43.9081
 44.7691
 45.5962
 46.2985
 46.896
 47.4005
 47.802
 48.1538
 48.5174
 48.8904
 49.2542
 49.6163
 49.971
 50.2863
 50.5481
 50.7697
 50.9656
 51.1534
 51.3806
 51.6581
 51.9248
 52.1773
 52.4377
 52.5395
 52.243
 51.5313
 50.5023
 49.207
 47.7114
 46.0798
 44.3706
 42.6274
 40.8406
 38.9901
 37.0771
 35.1924
 33.7163
 33.0141
 32.8742
 32.9247
 33.0976
 33.4898
 34.2518
 35.5717
 37.5811
 39.7294
 41.3333
 27
 26.9538
 26.9598
 27.2779
 27.909
 28.7588
 29.6511
 30.4078
 31.1106
 31.8593
 32.6656
 33.507
 34.3265
 35.077
 35.7354
 36.2925
 36.7465
 37.1414
 37.5382
 37.9258
 38.2585
 38.5214
 38.7225
 38.8762
 39.0527
 39.3562
 39.7904
 40.2759
 40.7613
 41.236
 41.7164
 42.2626
 42.9173
 43.6889
 44.586
 45.5736
 46.5623
 47.4454
 48.1653
 48.7653
 49.3129
 49.8325
 50.3644
 50.9021
 51.3543
 51.6808
 51.8908
 51.9676
 51.9223
 51.8233
 51.7687
 51.8374
 52.0262
 52.2982
 52.6149
 52.9299
 53.2245
 53.5174
 53.8342
 54.1823
 54.5883
 55.1076
 55.751
 56.4547
 57.1144
 57.6237
 57.9251
 58.0453
 58.0688
 57.9817
 57.6978
 57.2551
 56.7344
 56.1301
 55.3757
 54.4327
 53.2324
 51.6666
 49.7971
 47.8143
 45.8523
 43.9996
 42.3142
 40.7751
 39.2806
 37.7264
 36.2687
 35.2868
 34.7429
 34.4693
 34.4471
 34.6886
 35.5542
 39.6892
 48.6667
 34.6667
 34.6904
 35.1671
 35.987
 36.8271
 37.6867
 38.6271
 39.5573
 40.5003
 41.5176
 42.5303
 43.4366
 44.2445
 45.0208
 45.7802
 46.4896
 47.1165
 47.6423
 48.0498
 48.3484
 48.5785
 48.7507
 48.8601
 48.9372
 49.0002
 49.0483
 49.1188
 49.2639
 49.4891
 49.7665
 50.1099
 50.5489
 51.0413
 51.5139
 51.9464
 52.3582
 52.7684
 53.1927
 53.6336
 54.0655
 54.4699
 54.8924
 55.3775
 55.8875
 56.383
 56.8868
 57.423
 58.005
 58.6581
 59.3712
 60.0831
 60.7459
 61.3685
 61.9545
 62.4519
 62.8371
 63.133
 63.3657
 63.5697
 63.7613
 63.9284
 64.0721
 64.1898
 64.2733
 64.354
 64.4676
 64.5856
 64.6447
 64.5854
 64.2844
 63.6603
 62.7882
 61.7103
 60.3781
 58.7952
 57.0241
 55.1013
 53.0119
 50.7531
 48.4045
 46.0724
 43.8472
 41.8524
 40.165
 38.7305
 37.5594
 36.8391
 36.5636
 36.5255
 36.5636
 36.7761
 37.361
 38.8261
 42.7654
 50
 46.3333
 46.5307
 47.0412
 47.6743
 48.2054
 48.5841
 48.8751
 49.1986
 49.5845
 49.9874
 50.3605
 50.6664
 50.9085
 51.1767
 51.5368
 51.9599
 52.4279
 52.9678
 53.5817
 54.2159
 54.8226
 55.3978
 55.9637
 56.5489
 57.1689
 57.7617
 58.228
 58.5671
 58.8316
 59.0343
 59.1785
 59.2908
 59.3601
 59.3397
 59.2449
 59.1242
 59.0015
 58.9128
 58.9183
 59.0296
 59.203
 59.4106
 59.6528
 59.9264
 60.2374
 60.5811
 60.9925
 61.54
 62.2399
 63.0033
 63.6925
 64.2153
 64.5831
 64.8549
 65.0634
 65.2223
 65.3309
 65.4143
 65.4889
 65.5061
 65.3786
 64.9847
 64.3394
 63.645
 63.0455
 62.5329
 62.0442
 61.5369
 61.0048
 60.4659
 59.9405
 59.4225
 58.8884
 58.2522
 57.372
 56.2088
 54.7776
 53.0412
 51.0427
 48.9651
 46.9591
 45.025
 43.0905
 41.1053
 39.0716
 37.0517
 35.4961
 34.8416
 34.7179
 34.675
 34.8101
 35.4658
 37.1273
 42.2749
 52.6667
 54.6667
 55.3232
 55.9703
 56.3985
 56.6837
 56.9527
 57.2683
 57.7058
 58.2148
 58.7442
 59.311
 59.8873
 60.4182
 60.9011
 61.3599
 61.8476
 62.4122
 63.0166
 63.5597
 63.9664
 64.2445
 64.4044
 64.416
 64.3147
 64.191
 64.0987
 64.054
 64.0427
 64.0406
 64.0326
 64.0222
 64.0231
 64.0361
 64.0669
 64.1236
 64.2138
 64.3565
 64.5535
 64.7561
 64.9175
 65.0383
 65.1355
 65.231
 65.3431
 65.4743
 65.6236
 65.7889
 65.954
 66.089
 66.1627
 66.1808
 66.1766
 66.1594
 66.1287
 66.0881
 66.0178
 65.8925
 65.7295
 65.5747
 65.4508
 65.3486
 65.2713
 65.249
 65.2903
 65.3452
 65.3386
 65.2466
 65.1263
 65.0155
 64.8354
 64.4874
 63.9037
 63.0322
 61.8827
 60.4058
 58.5462
 56.4371
 54.2217
 51.9417
 49.6311
 47.2918
 44.9241
 42.6192
 40.4801
 38.5834
 37.0695
 36.0678
 35.5749
 35.4435
 35.4996
 35.6712
 36.165
 37.6028
 40.0323
 42.6667
 49.6667
 56.4865
 59.9149
 61.2483
 62.0671
 62.5801
 63.3121
 64.335
 65.1295
 65.6036
 66.006
 66.4088
 66.7236
 66.9262
 67.1261
 67.408
 67.7545
 68.1248
 68.4768
 68.776
 69.0232
 69.2289
 69.408
 69.5781
 69.7604
 69.9704
 70.1631
 70.2781
 70.3214
 70.3214
 70.2313
 69.951
 69.4932
 68.9702
 68.4427
 67.9301
 67.4482
 66.9981
 66.5966
 66.2904
 66.0926
 65.9886
 65.9705
 66.0117
 66.1019
 66.2458
 66.42
 66.6051
 66.7915
 66.9718
 67.1595
 67.3668
 67.561
 67.6842
 67.7267
 67.7319
 67.7341
 67.7185
 67.6554
 67.5663
 67.4934
 67.4378
 67.3588
 67.2086
 66.9506
 66.5674
 66.0931
 65.5862
 65.0309
 64.3797
 63.6544
 62.8475
 61.8601
 60.6262
 59.1691
 57.4681
 55.4381
 53.1293
 50.7278
 48.3249
 45.9002
 43.5183
 41.3002
 39.2888
 37.4961
 35.9506
 34.7587
 34.0658
 33.82
 33.8311
 34.0238
 34.6635
 35.9915
 38.3323
 42
 66.6667
 67.6443
 68.694
 69.6461
 70.4117
 70.9497
 71.3449
 71.741
 72.0948
 72.3362
 72.5117
 72.6866
 72.8393
 72.9209
 72.9546
 72.9851
 73.0068
 73.0167
 73.0406
 73.0845
 73.1514
 73.24
 73.3254
 73.3957
 73.4307
 73.3892
 73.2613
 73.0515
 72.7482
 72.3777
 71.9895
 71.5983
 71.2175
 70.8657
 70.5317
 70.1922
 69.8423
 69.5071
 69.2416
 69.0988
 69.0629
 69.0842
 69.1737
 69.3681
 69.6487
 69.9057
 70.0459
 70.0994
 70.1132
 70.0679
 69.9401
 69.7465
 69.5101
 69.2389
 68.9205
 68.4806
 67.8605
 67.1316
 66.4454
 65.9072
 65.4978
 65.1603
 64.9225
 64.8202
 64.7539
 64.5933
 64.3301
 64.0241
 63.7093
 63.3773
 62.9995
 62.4578
 61.5899
 60.3975
 58.9665
 57.3065
 55.4184
 53.3324
 51.0936
 48.774
 46.467
 44.2627
 42.2118
 40.3061
 38.6011
 37.2216
 36.1634
 35.3154
 34.5098
 33.9229
 33.9459
 34.328
 34.6792
 34.9189
 35
 72.3333
 72.246
 72.3671
 72.7666
 73.302
 73.8869
 74.4214
 74.8634
 75.2992
 75.7627
 76.2277
 76.6366
 76.9568
 77.2257
 77.4814
 77.711
 77.9042
 78.0575
 78.1593
 78.2148
 78.2272
 78.1539
 77.9101
 77.4974
 77.0187
 76.5359
 76.0569
 75.5796
 75.0714
 74.4876
 73.836
 73.1756
 72.5469
 71.9604
 71.4372
 70.996
 70.639
 70.3569
 70.1283
 69.9029
 69.6361
 69.3432
 69.041
 68.7062
 68.3527
 68.0439
 67.8117
 67.6591
 67.5999
 67.6167
 67.6213
 67.5444
 67.4002
 67.2407
 67.0985
 66.9523
 66.777
 66.578
 66.3344
 66.025
 65.6691
 65.2702
 64.815
 64.3246
 63.8231
 63.3109
 62.8078
 62.3486
 61.9451
 61.5926
 61.2505
 60.7385
 59.8478
 58.5862
 57.0255
 55.1687
 53.0733
 50.8453
 48.5921
 46.3647
 44.1425
 41.9273
 39.7505
 37.6369
 35.7698
 34.4099
 33.5472
 33.054
 32.9371
 33.1534
 33.476
 33.8578
 34.5947
 35.575
 36.3333
 73.3333
 73.3585
 73.7566
 74.3937
 75.127
 76.0731
 77.1732
 78.1734
 79.0769
 79.9455
 80.669
 81.1404
 81.3476
 81.3916
 81.3847
 81.2535
 80.8506
 80.2169
 79.4705
 78.6833
 77.8828
 77.0516
 76.1962
 75.4
 74.7532
 74.2517
 73.8469
 73.5649
 73.4437
 73.4056
 73.3395
 73.1977
 72.9896
 72.7591
 72.5475
 72.3771
 72.2393
 72.0799
 71.8429
 71.5373
 71.2058
 70.8544
 70.4627
 70.028
 69.5729
 69.106
 68.5774
 67.9331
 67.2017
 66.4564
 65.7154
 64.99
 64.3083
 63.6748
 63.0948
 62.5773
 62.1114
 61.6762
 61.2711
 60.9282
 60.6579
 60.408
 60.1517
 59.9453
 59.8242
 59.7395
 59.6186
 59.3865
 58.9852
 58.4228
 57.7385
 56.9814
 56.2377
 55.4841
 54.5658
 53.402
 51.9692
 50.2632
 48.3378
 46.2463
 44.0584
 41.9104
 39.9043
 38.0405
 36.2949
 34.7032
 33.3737
 32.5028
 32.1687
 32.123
 32.1449
 32.461
 33.8132
 36.7963
 41
 73
 76.9557
 79.3597
 80.6475
 81.4718
 81.9899
 82.4517
 82.9875
 83.3521
 83.4409
 83.4333
 83.2296
 82.6705
 81.9705
 81.2996
 80.6137
 79.903
 79.2008
 78.5297
 77.879
 77.2378
 76.6138
 76.027
 75.5241
 75.1498
 74.8242
 74.4203
 73.9638
 73.5286
 73.1297
 72.7495
 72.3494
 71.9162
 71.4309
 70.8722
 70.3063
 69.8134
 69.3993
 69.0713
 68.8754
 68.7942
 68.689
 68.4586
 68.1273
 67.7368
 67.2674
 66.7193
 66.1821
 65.6989
 65.2386
 64.7843
 64.3179
 63.81
 63.2449
 62.6437
 62.0702
 61.5848
 61.1956
 60.9224
 60.7821
 60.6981
 60.5841
 60.4192
 60.1906
 59.8879
 59.5542
 59.2612
 59.0065
 58.6862
 58.2167
 57.5965
 56.8353
 55.9209
 54.8287
 53.4985
 51.7605
 49.555
 47.1465
 44.7775
 42.4772
 40.2616
 38.2057
 36.3303
 34.5785
 32.9484
 31.5564
 30.5188
 29.9257
 29.816
 30.0523
 30.4366
 30.9903
 32.0161
 33.4046
 34.6667
 69.6667
 71.0306
 72.2979
 73.0993
 73.4769
 73.6616
 73.7927
 73.9465
 74.0362
 74.0505
 74.0553
 74.012
 73.8608
 73.6047
 73.2149
 72.6842
 72.1204
 71.5888
 71.0483
 70.4674
 69.8427
 69.1256
 68.2524
 67.2335
 66.1735
 65.1914
 64.3367
 63.5854
 62.8917
 62.226
 61.576
 60.9103
 60.2414
 59.6661
 59.2306
 58.9415
 58.7894
 58.6835
 58.5342
 58.3302
 58.1145
 57.931
 57.7713
 57.5987
 57.4117
 57.2288
 57.0516
 56.8746
 56.7092
 56.5828
 56.5157
 56.4828
 56.394
 56.1912
 55.9001
 55.5328
 55.1048
 54.6787
 54.2731
 53.876
 53.4741
 53.0315
 52.53
 51.9463
 51.2782
 50.5948
 49.9547
 49.3847
 48.9264
 48.5391
 48.0724
 47.4693
 46.7652
 45.9408
 44.9652
 43.8529
 42.6081
 41.1513
 39.4122
 37.4786
 35.4797
 33.4796
 31.5612
 29.793
 28.1442
 26.5844
 25.2173
 24.2813
 23.8898
 23.822
 23.8309
 23.9328
 24.6665
 27.1751
 31.6667
 41
 45.8022
 48.662
 50.4951
 52.1808
 53.601
 54.8986
 56.2088
 57.3433
 58.277
 59.1383
 59.9358
 60.6401
 61.1194
 61.3168
 61.3812
 61.3409
 61.0716
 60.5339
 59.7443
 58.6516
 57.1974
 55.4209
 53.4092
 51.2628
 49.0696
 46.8738
 44.729
 42.7312
 40.946
 39.3556
 37.9639
 36.869
 36.2379
 36.0631
 36.1193
 36.3111
 36.7243
 37.4429
 38.395
 39.4473
 40.5304
 41.5844
 42.5511
 43.4211
 44.2538
 45.1005
 45.9595
 46.789
 47.5334
 48.1528
 48.5453
 48.6628
 48.6628
 48.6274
 48.4481
 48.0917
 47.659
 47.1684
 46.5653
 45.8581
 45.0819
 44.2581
 43.3904
 42.5017
 41.6485
 40.8456
 40.0451
 39.2121
 38.3766
 37.6012
 36.9405
 36.2815
 35.3795
 34.1902
 32.8264
 31.3268
 29.6377
 27.727
 25.7192
 23.8393
 22.1894
 20.6781
 19.1769
 17.6301
 16.1813
 15.1334
 14.5693
 14.3361
 14.3141
 14.4432
 14.6841
 15.3829
 16.8551
 18.6667
 53.3333
 53.5933
 54.5435
 56.0306
 57.4964
 58.7721
 59.9778
 61.0872
 62.0498
 62.8974
 63.5018
 63.7196
 63.7322
 63.728
 63.5946
 63.1697
 62.4533
 61.4746
 60.2879
 59.0195
 57.7777
 56.6272
 55.5032
 54.25
 52.8615
 51.5127
 50.2998
 49.1457
 48.0051
 46.964
 46.0827
 45.3167
 44.6083
 43.9592
 43.4189
 43.034
 42.8351
 42.8045
 42.8569
 42.9725
 43.2434
 43.6781
 44.1511
 44.573
 44.9365
 45.2536
 45.5346
 45.7822
 45.9858
 46.1111
 46.1477
 46.1477
 46.0714
 45.8467
 45.579
 45.3739
 45.216
 45.0699
 44.8968
 44.6624
 44.3439
 43.96
 43.5804
 43.2379
 42.9517
 42.7489
 42.5807
 42.3225
 41.8796
 41.2702
 40.5606
 39.7979
 39.0131
 38.1682
 37.1802
 36.047
 34.8072
 33.4197
 31.7857
 29.8986
 27.9147
 26.0342
 24.3655
 22.8787
 21.4648
 20.0812
 18.8434
 17.9002
 17.0834
 16.3267
 16.0172
 16.0754
 16.2176
 16.8816
 18.3333
 55.3333
 54.8747
 54.9403
 55.6112
 56.9034
 58.4978
 59.8158
 60.8103
 61.7772
 62.8301
 63.9427
 65.0574
 65.8746
 66.1424
 66.1424
 66.0304
 65.5839
 64.8014
 63.8797
 62.8562
 61.6738
 60.3606
 58.9507
 57.4321
 55.7994
 54.1297
 52.5905
 51.2391
 49.9592
 48.7083
 47.5432
 46.4792
 45.5587
 44.8321
 44.2656
 43.8426
 43.5776
 43.4498
 43.4209
 43.4337
 43.5415
 43.8966
 44.4665
 45.0849
 45.6749
 46.2205
 46.7014
 47.0902
 47.3575
 47.5031
 47.5744
 47.6144
 47.5981
 47.4429
 47.0567
 46.4568
 45.792
 45.1728
 44.5938
 43.999
 43.3717
 42.743
 42.1211
 41.4949
 40.8702
 40.2831
 39.8141
 39.5373
 39.3996
 39.2083
 38.8
 38.1549
 37.3682
 36.5203
 35.5768
 34.4736
 33.1777
 31.671
 29.9508
 28.048
 26.056
 24.0895
 22.241
 20.5791
 19.1561
 18.0085
 17.1238
 16.4632
 16.0672
 15.9804
 16.1381
 16.4461
 17.1076
 18.1358
 19
 48.6667
 54.7157
 58.796
 60.8449
 61.8875
 62.4924
 63.0021
 63.5376
 63.7396
 63.6399
 63.4863
 63.1857
 62.6334
 61.9353
 61.2127
 60.4636
 59.6653
 58.8518
 58.075
 57.3166
 56.543
 55.7368
 54.8266
 53.7634
 52.6472
 51.6126
 50.6933
 49.8483
 49.0474
 48.2877
 47.5372
 46.7533
 45.9533
 45.2201
 44.6121
 44.1362
 43.8017
 43.6013
 43.4687
 43.3276
 43.1666
 43.0109
 42.8984
 42.8563
 42.8717
 42.9348
 43.0517
 43.2028
 43.3418
 43.4485
 43.4973
 43.4391
 43.278
 43.0672
 42.8234
 42.516
 42.1063
 41.5872
 40.9984
 40.3737
 39.719
 39.0327
 38.3632
 37.791
 37.3165
 36.8892
 36.487
 36.1222
 35.8358
 35.6479
 35.495
 35.2765
 34.9214
 34.3937
 33.7108
 32.9213
 32.0379
 31.0038
 29.7241
 28.1959
 26.5484
 24.8936
 23.2662
 21.6949
 20.2288
 18.943
 17.9444
 17.3126
 16.9785
 16.8106
 16.7842
 16.9006
 17.4676
 19.165
 22
 57.3333
 57.283
 57.5294
 58.0588
 58.6701
 59.1488
 59.4278
 59.6221
 59.8239
 60.0031
 60.1139
 60.1848
 60.2301
 60.1649
 59.9262
 59.5865
 59.2098
 58.7402
 58.0941
 57.2071
 56.1119
 54.9435
 53.7737
 52.6102
 51.4408
 50.2328
 49.0067
 47.798
 46.5726
 45.3462
 44.2599
 43.4269
 42.8354
 42.4185
 42.1222
 41.8892
 41.6753
 41.4894
 41.3807
 41.3744
 41.4414
 41.5484
 41.6786
 41.8087
 41.9174
 41.9899
 41.9846
 41.8686
 41.6655
 41.3937
 41.0492
 40.6435
 40.1934
 39.714
 39.2111
 38.6903
 38.1816
 37.7272
 37.3422
 37.0099
 36.7226
 36.4929
 36.3162
 36.1673
 36.0281
 35.8716
 35.6813
 35.4856
 35.3116
 35.1632
 34.9726
 34.6138
 34.0689
 33.4268
 32.7365
 31.9796
 31.1518
 30.2518
 29.2199
 27.9734
 26.5109
 24.9517
 23.3974
 21.9031
 20.5782
 19.5187
 18.7096
 18.0849
 17.4413
 16.8147
 16.5597
 16.6317
 17.0677
 18.0532
 19.3333
 64.3333
 61.0741
 60.0473
 60.2897
 60.5209
 60.7812
 61.1002
 61.3722
 61.6149
 61.7913
 61.8353
 61.7671
 61.565
 61.1927
 60.6493
 59.9274
 59.0317
 58.0182
 56.9289
 55.7682
 54.5136
 53.2167
 52.0026
 50.869
 49.6925
 48.4164
 47.1132
 45.8637
 44.6623
 43.4822
 42.3447
 41.2809
 40.3009
 39.4416
 38.7321
 38.1393
 37.6382
 37.2581
 37.0497
 37.0182
 37.1062
 37.3135
 37.6649
 38.0763
 38.4596
 38.7922
 39.0692
 39.2909
 39.4664
 39.598
 39.6691
 39.6889
 39.6629
 39.5459
 39.3059
 38.965
 38.5639
 38.1332
 37.6876
 37.2425
 36.8208
 36.4321
 36.0754
 35.7275
 35.3455
 34.9202
 34.4675
 34.0033
 33.5793
 33.2446
 32.9277
 32.4951
 31.9149
 31.233
 30.4439
 29.5066
 28.4462
 27.3493
 26.2809
 25.2512
 24.2185
 23.1175
 21.9308
 20.7343
 19.6373
 18.674
 17.8579
 17.3026
 16.9382
 16.627
 16.4895
 16.4048
 16.3604
 17.5324
 20.6667
 48
 49.9158
 51.6442
 53.312
 54.792
 55.9161
 56.8366
 57.7207
 58.4979
 58.9739
 59.1121
 59.1121
 58.9364
 58.3498
 57.4437
 56.4271
 55.3571
 54.2056
 52.9673
 51.6885
 50.3679
 48.9641
 47.5698
 46.3462
 45.2767
 44.2478
 43.2236
 42.2233
 41.2506
 40.3073
 39.427
 38.6238
 37.8687
 37.1443
 36.4428
 35.7391
 35.0688
 34.5161
 34.1034
 33.8309
 33.7014
 33.6404
 33.5559
 33.466
 33.4238
 33.4167
 33.4167
 33.5011
 33.7645
 34.129
 34.4789
 34.7706
 34.9826
 35.1013
 35.1384
 35.1427
 35.1379
 35.1025
 35.0108
 34.847
 34.5873
 34.226
 33.817
 33.4327
 33.0977
 32.7882
 32.4982
 32.2915
 32.2074
 32.1366
 31.9525
 31.6615
 31.3007
 30.8367
 30.2128
 29.408
 28.4283
 27.2816
 25.9949
 24.6104
 23.1659
 21.6973
 20.2764
 18.9919
 17.8451
 16.7744
 15.9197
 15.5122
 15.4361
 15.4361
 15.4875
 15.7867
 16.671
 19.1174
 23.6667
 34.6667
 39.1654
 41.7187
 43.0664
 44.2085
 45.3549
 46.5778
 47.8049
 48.82
 49.6449
 50.4098
 50.9917
 51.2616
 51.3143
 51.2119
 50.7474
 49.789
 48.5012
 47.1081
 45.711
 44.2752
 42.6724
 40.8257
 38.8089
 36.7174
 34.6366
 32.7848
 31.3073
 30.0834
 28.9801
 27.9743
 27.0493
 26.1519
 25.3043
 24.6429
 24.2098
 23.982
 23.9387
 23.9878
 24.0838
 24.3073
 24.7093
 25.1902
 25.6669
 26.1749
 26.7536
 27.3736
 27.9788
 28.5586
 29.1399
 29.7376
 30.284
 30.6678
 30.8568
 30.904
 30.8961
 30.8701
 30.7883
 30.6023
 30.3007
 29.9006
 29.4157
 28.8598
 28.2714
 27.735
 27.3207
 27.0156
 26.7907
 26.6371
 26.5272
 26.4223
 26.2738
 26.0669
 25.8293
 25.5575
 25.1905
 24.6564
 23.9359
 23.0195
 21.8978
 20.6214
 19.2559
 17.8431
 16.4246
 15.0794
 13.8865
 12.8875
 12.2026
 11.8962
 11.807
 11.7861
 11.7916
 12.2624
 14.4425
 18.6667
 38.3333
 40.9729
 43.2181
 45.2038
 46.7516
 47.6818
 48.2622
 48.6863
 48.8312
 48.7528
 48.5867
 48.2368
 47.6289
 46.8556
 46.034
 45.1925
 44.3225
 43.3999
 42.4215
 41.41
 40.3619
 39.2796
 38.1959
 37.1252
 36.0539
 34.944
 33.7642
 32.5502
 31.3522
 30.1673
 29.0093
 27.9379
 27.0292
 26.3477
 25.876
 25.5885
 25.4975
 25.5433
 25.6309
 25.7676
 26.0073
 26.3433
 26.7615
 27.2433
 27.7419
 28.2425
 28.7868
 29.408
 30.0562
 30.6477
 31.1309
 31.4807
 31.7114
 31.8412
 31.8701
 31.8395
 31.7771
 31.6668
 31.4882
 31.2067
 30.8203
 30.3733
 29.9032
 29.4552
 29.0738
 28.744
 28.4294
 28.1429
 27.9312
 27.7941
 27.6557
 27.4052
 26.9811
 26.4153
 25.7407
 24.9724
 24.1541
 23.2983
 22.3623
 21.3181
 20.1957
 19.0361
 17.8567
 16.7062
 15.7023
 14.9895
 14.5959
 14.3687
 14.2764
 14.3038
 14.4389
 14.7101
 15.5163
 17.8756
 22.3333
 35.3333
 40.0414
 42.5875
 43.6777
 44.3198
 44.6824
 44.9803
 45.3019
 45.4327
 45.3924
 45.2645
 44.9475
 44.4507
 43.8054
 43.0115
 42.1096
 41.1763
 40.2922
 39.4661
 38.6297
 37.7415
 36.8377
 35.9842
 35.1924
 34.4208
 33.6672
 32.9713
 32.3849
 31.8844
 31.3547
 30.7543
 30.0873
 29.3489
 28.5921
 27.8797
 27.275
 26.838
 26.5621
 26.4276
 26.4073
 26.4293
 26.4851
 26.6444
 26.9369
 27.3539
 27.8778
 28.463
 29.0543
 29.5928
 30.0095
 30.286
 30.4774
 30.6293
 30.7254
 30.7458
 30.7158
 30.6405
 30.5037
 30.3136
 30.0841
 29.8443
 29.6382
 29.4878
 29.3792
 29.29
 29.2106
 29.1386
 29.0925
 29.1091
 29.1899
 29.3075
 29.4486
 29.5352
 29.4257
 29.0799
 28.5567
 27.8602
 26.9508
 25.8827
 24.7762
 23.6982
 22.6426
 21.5853
 20.5204
 19.4726
 18.563
 17.9231
 17.5321
 17.3321
 17.3477
 17.5349
 17.7978
 18.2355
 18.8299
 19.3333
 37.6667
 38.5789
 40.0987
 41.5135
 42.2584
 42.5723
 42.8122
 43.0565
 43.1615
 43.1615
 43.0938
 42.7758
 42.1708
 41.5182
 40.9734
 40.487
 40.0388
 39.5942
 39.0304
 38.3097
 37.4415
 36.3943
 35.246
 34.1581
 33.1597
 32.1652
 31.1047
 29.9469
 28.7024
 27.4179
 26.2012
 25.2024
 24.4751
 23.951
 23.6316
 23.5583
 23.6232
 23.7229
 23.909
 24.2941
 24.9181
 25.6978
 26.5173
 27.2846
 27.9458
 28.5231
 29.0776
 29.639
 30.2014
 30.7704
 31.3723
 31.9473
 32.3741
 32.6227
 32.721
 32.7045
 32.6291
 32.5294
 32.4086
 32.2727
 32.1166
 31.924
 31.6823
 31.3921
 31.0829
 30.8065
 30.5981
 30.4353
 30.2905
 30.1992
 30.2165
 30.3329
 30.4777
 30.5319
 30.3783
 29.9927
 29.3832
 28.487
 27.3132
 26.0459
 24.8257
 23.6592
 22.4959
 21.2901
 20.0788
 18.9831
 18.1544
 17.7036
 17.5701
 17.601
 17.7547
 18.2159
 19.254
 20.5783
 21.6667
 36.3333
 38.0927
 39.0075
 39.478
 39.9015
 40.2611
 40.6231
 41.0016
 41.2764
 41.4227
 41.5093
 41.5647
 41.5607
 41.4211
 41.0697
 40.5336
 39.9272
 39.3107
 38.6533
 37.9101
 37.0953
 36.2512
 35.3782
 34.4373
 33.3916
 32.2676
 31.1903
 30.2699
 29.4808
 28.731
 27.9768
 27.2481
 26.5899
 26.0081
 25.5215
 25.1778
 25.0005
 24.9729
 25.0225
 25.0954
 25.2201
 25.4551
 25.8425
 26.3561
 26.9258
 27.5065
 28.0545
 28.5349
 28.9651
 29.3743
 29.7778
 30.2098
 30.6782
 31.1322
 31.5207
 31.8108
 31.9994
 32.1612
 32.3912
 32.6881
 33.0181
 33.3705
 33.706
 33.9841
 34.2071
 34.4179
 34.6662
 34.9761
 35.3026
 35.5784
 35.7584
 35.7447
 35.4769
 34.9869
 34.2519
 33.2565
 32.1352
 31.0136
 29.8829
 28.6843
 27.3827
 25.9981
 24.6012
 23.3168
 22.3126
 21.6738
 21.3673
 21.2975
 21.3503
 21.4706
 21.7489
 22.434
 23.6396
 25.2243
 27
 29.6667
 32.5471
 35.0152
 36.7069
 37.7635
 38.5278
 39.2775
 40.1125
 40.7639
 41.0504
 41.1043
 41.0543
 40.8618
 40.4947
 40.0589
 39.591
 38.9874
 38.1984
 37.2886
 36.3026
 35.2305
 34.114
 33.0696
 32.1751
 31.3957
 30.6706
 29.9738
 29.2754
 28.5842
 27.9787
 27.4959
 27.1004
 26.7766
 26.5341
 26.3928
 26.352
 26.352
 26.3523
 26.3798
 26.4899
 26.7198
 27.0772
 27.5719
 28.2126
 28.975
 29.8094
 30.6593
 31.4825
 32.255
 32.9774
 33.689
 34.3927
 34.9963
 35.4234
 35.6935
 35.8107
 35.7728
 35.6604
 35.5311
 35.3831
 35.2248
 35.0712
 34.9394
 34.8528
 34.816
 34.8083
 34.8403
 34.945
 35.1007
 35.261
 35.3768
 35.3615
 35.1587
 34.7932
 34.2824
 33.6103
 32.7972
 31.8948
 30.9452
 29.9687
 28.9677
 27.9525
 26.9561
 26.0605
 25.4832
 25.3131
 25.3131
 25.4286
 25.7446
 26.1834
 26.8191
 27.9251
 29.4934
 30.9624
 32
 39.6667
 38.1053
 37.3372
 37.0336
 36.8705
 36.8413
 36.8186
 36.7424
 36.7236
 36.7616
 36.7523
 36.7006
 36.6838
 36.7279
 36.7665
 36.7029
 36.4862
 36.1282
 35.6369
 35.0089
 34.294
 33.5648
 32.8745
 32.2566
 31.7036
 31.169
 30.6076
 30.0104
 29.4207
 28.9381
 28.6237
 28.4625
 28.423
 28.4581
 28.5337
 28.64
 28.777
 28.9444
 29.145
 29.3996
 29.7245
 30.1161
 30.5637
 31.0795
 31.7365
 32.5738
 33.4643
 34.2517
 34.9015
 35.4422
 35.9075
 36.2953
 36.5823
 36.8197
 37.0821
 37.3792
 37.7004
 38.0024
 38.1975
 38.3224
 38.521
 38.8113
 39.1593
 39.6095
 40.1938
 40.8496
 41.4613
 41.8851
 42.0496
 42.0711
 41.9996
 41.7579
 41.338
 40.7368
 39.9646
 39.0948
 38.1774
 37.2054
 36.1759
 35.1298
 34.1048
 33.1492
 32.3414
 31.6928
 31.143
 30.6783
 30.3308
 30.0886
 29.871
 29.6201
 29.3943
 29.2929
 29.3121
 29.3445
 29.3333
 34.3333
 34.2898
 34.41
 34.7953
 35.3307
 35.8922
 36.4195
 36.8837
 37.3181
 37.735
 38.1171
 38.44
 38.644
 38.7177
 38.7372
 38.7131
 38.5907
 38.3586
 37.9976
 37.4602
 36.7765
 36.0557
 35.3875
 34.8031
 34.2828
 33.7816
 33.2288
 32.5762
 31.8862
 31.244
 30.7071
 30.3751
 30.2637
 30.2539
 30.2589
 30.3106
 30.4747
 30.7277
 31.0429
 31.4649
 32.0397
 32.7684
 33.624
 34.5845
 35.5674
 36.4667
 37.2803
 38.0526
 38.7615
 39.3711
 39.9013
 40.3637
 40.7435
 41.0425
 41.2746
 41.4258
 41.4677
 41.4279
 41.3704
 41.337
 41.3372
 41.3548
 41.3796
 41.4304
 41.517
 41.6133
 41.7004
 41.728
 41.6355
 41.4473
 41.1894
 40.8388
 40.3986
 39.9142
 39.4204
 38.9094
 38.3288
 37.648
 36.9372
 36.2948
 35.7792
 35.4004
 35.1208
 34.9251
 34.8407
 34.8588
 34.9114
 34.9462
 34.9806
 35.1147
 35.3656
 35.5984
 35.7668
 35.9016
 36
 29.6667
 34.3104
 36.369
 36.8295
 37.1448
 37.5222
 37.9935
 38.5124
 38.8272
 38.9272
 39.0101
 39.1365
 39.2721
 39.3659
 39.4121
 39.4432
 39.4583
 39.4248
 39.296
 39.0472
 38.7022
 38.3167
 37.9369
 37.5586
 37.1639
 36.7677
 36.3796
 35.9555
 35.4498
 34.8702
 34.3884
 34.1904
 34.17
 34.17
 34.2263
 34.4059
 34.6878
 35.047
 35.4821
 36.0209
 36.7389
 37.6394
 38.6394
 39.6759
 40.6665
 41.4933
 42.1485
 42.7241
 43.2702
 43.7722
 44.2139
 44.5914
 44.8744
 45.039
 45.1425
 45.2828
 45.4802
 45.682
 45.8682
 46.0572
 46.2517
 46.4606
 46.7094
 47.0004
 47.3142
 47.6259
 47.8855
 48.0583
 48.1503
 48.1232
 47.9198
 47.5327
 46.9214
 46.0716
 45.104
 44.1287
 43.1741
 42.2511
 41.3705
 40.5603
 39.8696
 39.3056
 38.8228
 38.4274
 38.2347
 38.3068
 38.4402
 38.3943
 38.3118
 38.3473
 38.2847
 38.0165
 37.2419
 35.4748
 33
 32
 33.1517
 34.4343
 35.7826
 36.8759
 37.634
 38.2501
 38.8573
 39.4184
 39.8773
 40.2276
 40.4378
 40.5054
 40.493
 40.4703
 40.4613
 40.4502
 40.419
 40.38
 40.3544
 40.3508
 40.3701
 40.4027
 40.4434
 40.496
 40.5557
 40.6141
 40.648
 40.6278
 40.5838
 40.5901
 40.6917
 40.8927
 41.1751
 41.4946
 41.8046
 42.1015
 42.3751
 42.6338
 42.9393
 43.3161
 43.7735
 44.3646
 45.0741
 45.7384
 46.2446
 46.6579
 47.0538
 47.4381
 47.8132
 48.2092
 48.642
 49.05
 49.3659
 49.5827
 49.6958
 49.6943
 49.6227
 49.5603
 49.5255
 49.4974
 49.4986
 49.5558
 49.6248
 49.6039
 49.4236
 49.0952
 48.6366
 48.0423
 47.339
 46.5807
 45.8051
 45.0263
 44.2159
 43.3189
 42.3097
 41.2148
 40.0996
 39.0071
 37.9897
 37.1199
 36.3858
 35.7301
 35.1246
 34.548
 33.9829
 33.425
 32.9257
 32.4973
 32.0952
 31.8539
 31.8135
 31.7779
 31.9626
 32.6667
 32.6667
 33.9613
 36.0503
 38.194
 39.6019
 40.4326
 41.1122
 41.8878
 42.6943
 43.3563
 43.7844
 43.908
 43.7555
 43.5118
 43.3465
 43.2919
 43.3006
 43.3573
 43.434
 43.4668
 43.4672
 43.4417
 43.3597
 43.2725
 43.2416
 43.2507
 43.3081
 43.4289
 43.5618
 43.667
 43.7045
 43.6391
 43.5819
 43.6964
 43.9998
 44.444
 45.013
 45.6727
 46.3329
 46.925
 47.4806
 48.0439
 48.6164
 49.228
 49.9864
 50.9198
 51.849
 52.6231
 53.2482
 53.7541
 54.1344
 54.387
 54.5636
 54.6741
 54.706
 54.6874
 54.6791
 54.6045
 54.3422
 53.9141
 53.4366
 52.9695
 52.4929
 52.0294
 51.6753
 51.3371
 50.7764
 49.9762
 49.0271
 47.9571
 46.8162
 45.6363
 44.3729
 42.9636
 41.4164
 39.7983
 38.1437
 36.4483
 34.8359
 33.4973
 32.4216
 31.5031
 30.7301
 30.0962
 29.5236
 28.9902
 28.5641
 28.2571
 28.0603
 27.9583
 27.8691
 27.7221
 27.3672
 26.815
 26.3333
 32
 36.3265
 39.1597
 40.8081
 41.8798
 42.5869
 43.23
 43.9671
 44.5739
 44.9712
 45.2291
 45.3444
 45.4154
 45.5427
 45.7505
 46.0164
 46.2927
 46.5558
 46.8185
 47.0944
 47.3741
 47.6457
 47.9152
 48.1874
 48.4683
 48.7736
 49.0943
 49.3917
 49.6517
 49.8774
 50.059
 50.1984
 50.3237
 50.5041
 50.8175
 51.276
 51.8676
 52.5737
 53.3175
 54.0384
 54.7437
 55.4486
 56.1399
 56.8063
 57.4682
 58.1519
 58.8441
 59.3646
 59.5567
 59.5708
 59.5013
 59.1531
 58.4339
 57.5355
 56.6675
 55.8961
 55.1714
 54.4076
 53.5546
 52.5831
 51.4642
 50.2319
 49.0295
 47.962
 46.9925
 46.0947
 45.2726
 44.4398
 43.5172
 42.5263
 41.5053
 40.4746
 39.4601
 38.4669
 37.4937
 36.5553
 35.647
 34.7204
 33.7247
 32.6441
 31.4625
 30.1864
 28.8573
 27.5435
 26.3417
 25.272
 24.265
 23.2516
 22.1997
 21.1141
 20.1012
 19.3607
 18.9491
 18.3334
 17
 32.3333
 32.6566
 33.8362
 35.3679
 36.7104
 37.7797
 38.6843
 39.5896
 40.523
 41.3898
 42.0718
 42.5603
 42.9148
 43.1032
 43.0878
 42.9758
 42.8332
 42.6228
 42.3493
 42.0409
 41.7138
 41.3757
 41.0269
 40.67
 40.3055
 39.9411
 39.6245
 39.4154
 39.3158
 39.2649
 39.2006
 39.1203
 39.0605
 39.1004
 39.3435
 39.8159
 40.4937
 41.3794
 42.4709
 43.6982
 44.9677
 46.2352
 47.4956
 48.7439
 49.966
 51.165
 52.3421
 53.4112
 54.2104
 54.6264
 54.7313
 54.7313
 54.6285
 54.2831
 53.7182
 52.962
 51.9729
 50.781
 49.4632
 48.0787
 46.657
 45.1924
 43.6374
 41.9199
 40.0075
 37.9751
 35.9997
 34.2415
 32.7267
 31.3966
 30.231
 29.185
 28.1484
 27.1037
 26.0795
 25.0836
 24.203
 23.5264
 22.9585
 22.3014
 21.5143
 20.6764
 19.818
 18.9274
 18.0218
 17.1357
 16.2427
 15.3097
 14.3473
 13.3973
 12.5467
 11.8338
 11.1353
 10.128
 8.66667
 37.3333
 37.2137
 38.3155
 40.0553
 41.5244
 42.5831
 43.432
 44.286
 45.2155
 46.0966
 46.7749
 47.2061
 47.4204
 47.4861
 47.5156
 47.5785
 47.6451
 47.6691
 47.6559
 47.6127
 47.5119
 47.3437
 47.1507
 46.9804
 46.8598
 46.7956
 46.7609
 46.7265
 46.7055
 46.7245
 46.7767
 46.8713
 47.0462
 47.3042
 47.6329
 48.0569
 48.5891
 49.1768
 49.7879
 50.4662
 51.2343
 52.0259
 52.769
 53.4762
 54.1895
 54.8488
 55.3059
 55.5386
 55.6745
 55.6668
 55.3243
 54.6376
 53.6561
 52.3689
 50.799
 49.0009
 47.0571
 45.0467
 43.032
 41.0671
 39.1696
 37.3166
 35.5097
 33.823
 32.3085
 30.9349
 29.7106
 28.6857
 27.8111
 26.9331
 25.9232
 24.7749
 23.521
 22.2146
 20.9626
 19.8126
 18.7436
 17.7377
 16.7716
 15.8236
 14.8839
 13.9659
 13.1087
 12.3532
 11.7995
 11.4661
 11.1449
 10.6709
 10.1057
 9.53734
 8.93298
 8.26412
 7.35108
 5.98024
 4.33333
 40.3333
 45.2294
 47.7314
 48.6223
 49.201
 49.7028
 50.2918
 51.0037
 51.5258
 51.7652
 51.8833
 51.985
 52.1085
 52.217
 52.2563
 52.2425
 52.2304
 52.1689
 51.9249
 51.5038
 51.0392
 50.6099
 50.2326
 49.9179
 49.6692
 49.4737
 49.3378
 49.2707
 49.2427
 49.2515
 49.3482
 49.5925
 50.0041
 50.5316
 51.0943
 51.6444
 52.1632
 52.6478
 53.112
 53.5604
 53.9957
 54.392
 54.7173
 54.9475
 55.0254
 54.8583
 54.3554
 53.534
 52.4931
 51.3486
 50.1378
 48.8155
 47.2993
 45.4431
 43.2115
 40.7838
 38.3966
 36.2043
 34.2103
 32.3464
 30.5912
 28.8861
 27.1637
 25.4273
 23.7338
 22.1761
 20.8062
 19.6352
 18.6108
 17.626
 16.647
 15.6806
 14.7251
 13.7973
 12.9216
 12.102
 11.3088
 10.5342
 9.81143
 9.14016
 8.48618
 7.84084
 7.21251
 6.62232
 6.10105
 5.65307
 5.27613
 4.97304
 4.71427
 4.46491
 4.22273
 4.05396
 4.0195
 4.03185
 4
 39.6667
 45.3537
 48.6448
 50.4203
 51.8009
 52.8233
 53.7209
 54.6876
 55.4441
 55.8957
 56.1363
 56.1523
 56.0535
 55.931
 55.6779
 55.1956
 54.6049
 54.0468
 53.5321
 53.042
 52.5687
 52.1216
 51.7331
 51.4261
 51.1906
 51.0146
 50.8917
 50.8352
 50.8658
 50.9544
 51.0447
 51.0996
 51.1074
 51.0736
 50.9712
 50.7568
 50.427
 50.0103
 49.5459
 49.0712
 48.5758
 47.9935
 47.2705
 46.387
 45.3895
 44.3468
 43.2606
 42.1409
 41.0112
 39.8275
 38.5246
 37.062
 35.364
 33.438
 31.4806
 29.654
 27.9662
 26.3385
 24.6927
 22.9674
 21.1051
 19.1774
 17.4078
 15.9273
 14.6805
 13.6382
 12.7649
 11.9441
 11.1596
 10.4526
 9.80116
 9.20625
 8.70175
 8.29818
 7.97572
 7.65728
 7.27484
 6.85221
 6.43896
 6.04961
 5.67107
 5.29531
 4.93468
 4.59816
 4.29479
 4.04022
 3.81211
 3.54924
 3.2796
 3.08145
 2.92191
 2.76658
 2.54795
 1.99194
 1
 47.6667
 49.7287
 51.2714
 52.1579
 52.6037
 52.8074
 52.9684
 53.2082
 53.3651
 53.3484
 53.2532
 53.1185
 52.9416
 52.7629
 52.6329
 52.5684
 52.5504
 52.5567
 52.5844
 52.6138
 52.6192
 52.6217
 52.6631
 52.7364
 52.7831
 52.7367
 52.5749
 52.3205
 51.9716
 51.512
 50.9711
 50.4014
 49.8403
 49.2685
 48.6078
 47.8099
 46.8873
 45.8581
 44.7263
 43.5334
 42.3393
 41.1619
 39.9948
 38.8114
 37.5717
 36.2378
 34.7949
 33.2855
 31.7491
 30.1648
 28.509
 26.8
 25.0896
 23.4262
 21.8378
 20.3361
 18.8724
 17.3454
 15.7579
 14.2358
 12.8686
 11.6803
 10.6529
 9.79369
 9.13684
 8.57632
 7.9677
 7.31622
 6.68328
 6.09995
 5.58802
 5.17077
 4.85831
 4.62518
 4.40702
 4.16302
 3.90605
 3.65982
 3.44806
 3.28581
 3.15155
 3.01323
 2.86307
 2.70256
 2.53506
 2.35628
 2.16439
 1.98998
 1.83169
 1.65157
 1.50642
 1.43571
 1.39564
 1.45524
 1.66667
 51.3333
 52.2715
 53.0771
 53.5751
 53.8231
 53.9411
 53.9777
 53.9828
 53.9298
 53.745
 53.4634
 53.1469
 52.7316
 52.1521
 51.4716
 50.7852
 50.1339
 49.5446
 49.0259
 48.5583
 48.1724
 47.8918
 47.6215
 47.248
 46.7774
 46.3051
 45.9268
 45.6039
 45.1684
 44.5731
 43.8866
 43.1544
 42.402
 41.6352
 40.8405
 40.0035
 39.1219
 38.1729
 37.1413
 36.0621
 34.9783
 33.9616
 33.0409
 32.0544
 30.8572
 29.5199
 28.1257
 26.617
 24.9168
 23.0994
 21.3421
 19.7068
 18.111
 16.4841
 14.8283
 13.2246
 11.8069
 10.6059
 9.52511
 8.50236
 7.58332
 6.83396
 6.2726
 5.86462
 5.53303
 5.22955
 4.94419
 4.6697
 4.3914
 4.09335
 3.78656
 3.49138
 3.20667
 2.93021
 2.67954
 2.4705
 2.30849
 2.18113
 2.05837
 1.9322
 1.81452
 1.70766
 1.61363
 1.5389
 1.48471
 1.44946
 1.43017
 1.42135
 1.40808
 1.38763
 1.37523
 1.3666
 1.35241
 1.33926
 1.33333
 49
 50.8832
 51.7522
 51.9048
 51.9413
 51.9436
 51.8269
 51.5836
 51.172
 50.6086
 49.9263
 49.0466
 47.92
 46.6171
 45.2675
 43.9567
 42.6922
 41.4483
 40.2265
 39.0901
 38.1082
 37.2657
 36.5076
 35.8359
 35.3474
 35.1423
 35.1697
 35.2785
 35.3053
 35.0849
 34.5749
 33.8764
 33.0659
 32.1667
 31.2189
 30.2324
 29.1445
 27.8817
 26.4606
 24.9565
 23.4091
 21.9042
 20.5544
 19.3665
 18.2979
 17.3218
 16.3872
 15.4204
 14.4049
 13.3866
 12.4084
 11.459
 10.5021
 9.54449
 8.62658
 7.78788
 7.03333
 6.33569
 5.66619
 5.01005
 4.39298
 3.86157
 3.42466
 3.07961
 2.83433
 2.67615
 2.57304
 2.47665
 2.34869
 2.1967
 2.04826
 1.91557
 1.80196
 1.71415
 1.65568
 1.61749
 1.58059
 1.53486
 1.4842
 1.433
 1.38672
 1.35771
 1.34951
 1.35409
 1.37202
 1.40154
 1.43395
 1.46404
 1.49135
 1.51214
 1.51417
 1.49874
 1.45652
 1.29689
 1
 41
 46.2587
 48.4473
 48.3883
 48.1595
 47.848
 47.1242
 46.3157
 45.2437
 43.7696
 42.1313
 40.4748
 38.8944
 37.4068
 36.0045
 34.7146
 33.5809
 32.6213
 31.8181
 31.1854
 30.7655
 30.5391
 30.4497
 30.4434
 30.4142
 30.2379
 29.8864
 29.4437
 28.994
 28.5236
 27.969
 27.3134
 26.581
 25.7668
 24.8205
 23.7333
 22.6054
 21.5533
 20.6076
 19.7538
 18.9495
 18.1234
 17.2424
 16.3307
 15.4148
 14.4993
 13.5954
 12.7297
 11.9202
 11.152
 10.3863
 9.58536
 8.69919
 7.72916
 6.8123
 6.05394
 5.41199
 4.82576
 4.27395
 3.75398
 3.272
 2.83477
 2.44638
 2.11269
 1.85723
 1.7038
 1.63059
 1.57648
 1.5022
 1.41546
 1.34726
 1.32368
 1.34206
 1.37748
 1.4183
 1.46683
 1.51694
 1.5518
 1.56277
 1.56277
 1.56028
 1.55
 1.53095
 1.50675
 1.48208
 1.45736
 1.42688
 1.40059
 1.38057
 1.35353
 1.3364
 1.35243
 1.42775
 1.80261
 2.66667
 41.6667
 41.32
 40.6357
 39.7509
 38.8515
 37.8569
 36.7032
 35.4017
 33.9253
 32.3473
 30.8512
 29.5209
 28.2573
 26.9572
 25.6644
 24.4511
 23.3468
 22.3886
 21.6026
 21.0142
 20.6854
 20.595
 20.5774
 20.5229
 20.4463
 20.3982
 20.4121
 20.4633
 20.4858
 20.4197
 20.2306
 19.9129
 19.494
 19.003
 18.4277
 17.7286
 16.9056
 16.0089
 15.0748
 14.0965
 13.0548
 11.9752
 10.9255
 9.95459
 9.05842
 8.20462
 7.39905
 6.67848
 6.04697
 5.4805
 4.95968
 4.47462
 4.03186
 3.65374
 3.34892
 3.09585
 2.86636
 2.65602
 2.47345
 2.30482
 2.13668
 1.99277
 1.89039
 1.8111
 1.73926
 1.66804
 1.58923
 1.50402
 1.41233
 1.31363
 1.22221
 1.1521
 1.10299
 1.06885
 1.0499
 1.05108
 1.06673
 1.08453
 1.09826
 1.10785
 1.11632
 1.12671
 1.13947
 1.15287
 1.16614
 1.17802
 1.18083
 1.16723
 1.14643
 1.12846
 1.10442
 1.05886
 0.95853
 0.807328
 0.666667
 36
 34.0886
 31.9494
 30.2667
 29.097
 28.0253
 26.9044
 25.7053
 24.4991
 23.3734
 22.3645
 21.4474
 20.5891
 19.777
 18.985
 18.2209
 17.5399
 16.9684
 16.513
 16.1822
 15.933
 15.7207
 15.5682
 15.4783
 15.4063
 15.3262
 15.2164
 15.0547
 14.8389
 14.5693
 14.2388
 13.8462
 13.3963
 12.879
 12.2632
 11.5562
 10.8243
 10.0978
 9.35521
 8.60616
 7.87338
 7.15531
 6.45646
 5.78408
 5.14244
 4.55374
 4.04397
 3.62486
 3.29494
 3.02653
 2.79064
 2.59022
 2.41848
 2.2541
 2.0925
 1.93626
 1.7897
 1.65859
 1.54747
 1.45998
 1.39858
 1.36349
 1.34689
 1.33357
 1.31708
 1.30645
 1.30934
 1.31994
 1.32959
 1.33664
 1.33996
 1.33531
 1.31987
 1.29068
 1.24898
 1.20305
 1.15806
 1.11869
 1.09213
 1.07809
 1.06974
 1.06381
 1.06078
 1.05921
 1.05907
 1.06715
 1.09336
 1.13618
 1.19314
 1.25819
 1.30675
 1.33241
 1.34691
 1.34637
 1.33333
 24
 23.2045
 21.8892
 20.5668
 19.5092
 18.476
 17.4132
 16.3553
 15.3348
 14.4385
 13.6871
 13.0293
 12.4269
 11.8731
 11.3653
 10.8998
 10.5076
 10.2355
 10.0759
 9.97771
 9.89778
 9.79074
 9.63885
 9.48569
 9.36434
 9.25202
 9.12352
 8.963
 8.74672
 8.46791
 8.13137
 7.74282
 7.31149
 6.85019
 6.38624
 5.94186
 5.5005
 5.04245
 4.58346
 4.13938
 3.71182
 3.31744
 2.97748
 2.69
 2.44219
 2.22931
 2.05333
 1.91534
 1.8155
 1.75682
 1.72284
 1.67875
 1.61718
 1.55356
 1.49546
 1.45072
 1.43347
 1.44489
 1.46623
 1.47667
 1.46943
 1.44989
 1.41999
 1.38136
 1.34784
 1.32958
 1.32162
 1.31748
 1.3157
 1.31539
 1.32097
 1.3418
 1.37759
 1.42063
 1.46638
 1.50741
 1.53478
 1.55043
 1.5623
 1.57361
 1.58133
 1.58339
 1.58323
 1.5826
 1.57421
 1.55269
 1.52714
 1.50431
 1.48735
 1.47947
 1.47424
 1.4765
 1.4892
 1.45569
 1.33333
 14
 13.7523
 13.0141
 12.1508
 11.5417
 11.0969
 10.6677
 10.2117
 9.73948
 9.27566
 8.85711
 8.5311
 8.26029
 7.95542
 7.60839
 7.24254
 6.85641
 6.47368
 6.14219
 5.8804
 5.67058
 5.5091
 5.40458
 5.32893
 5.23992
 5.14596
 5.09975
 5.11914
 5.16549
 5.17992
 5.12001
 4.98771
 4.80016
 4.56344
 4.29021
 4.00502
 3.72317
 3.45729
 3.21819
 2.98713
 2.73762
 2.46767
 2.20546
 1.98975
 1.83036
 1.70947
 1.60636
 1.51269
 1.43666
 1.38725
 1.35621
 1.32788
 1.30161
 1.28647
 1.28557
 1.29374
 1.30203
 1.30639
 1.31357
 1.33115
 1.34975
 1.35658
 1.35658
 1.34997
 1.32953
 1.30106
 1.27226
 1.2468
 1.22865
 1.21903
 1.21576
 1.21526
 1.21526
 1.21802
 1.22849
 1.24653
 1.26793
 1.29124
 1.31705
 1.3447
 1.37278
 1.40076
 1.42547
 1.4406
 1.44571
 1.44401
 1.43225
 1.40694
 1.37611
 1.3454
 1.30173
 1.22195
 1.10791
 1.02035
 1
 8.66667
 8.55353
 8.44373
 8.24513
 7.92536
 7.52367
 7.10587
 6.70236
 6.2937
 5.87797
 5.45576
 5.02454
 4.60142
 4.21646
 3.89001
 3.62278
 3.40811
 3.23358
 3.08867
 2.9779
 2.90813
 2.86458
 2.82356
 2.78192
 2.75014
 2.73197
 2.71318
 2.6754
 2.61867
 2.55236
 2.48472
 2.41964
 2.35074
 2.27321
 2.19353
 2.11985
 2.05108
 1.978
 1.8916
 1.79185
 1.69289
 1.60636
 1.52816
 1.45199
 1.3829
 1.33262
 1.30717
 1.30079
 1.30449
 1.32227
 1.3646
 1.42735
 1.48766
 1.52816
 1.55362
 1.57456
 1.59339
 1.60677
 1.61246
 1.61342
 1.61028
 1.59376
 1.55413
 1.49503
 1.4311
 1.37864
 1.34927
 1.34034
 1.33942
 1.34269
 1.35649
 1.38142
 1.41012
 1.43888
 1.46876
 1.50134
 1.53424
 1.55893
 1.57046
 1.57316
 1.56705
 1.54354
 1.49775
 1.43433
 1.36174
 1.28016
 1.19491
 1.1271
 1.06164
 0.975669
 0.912402
 0.88917
 0.881175
 0.996278
 1.33333
 4.33333
 4.28656
 4.23649
 4.19233
 4.1274
 3.99973
 3.83618
 3.68869
 3.55049
 3.39938
 3.24199
 3.09093
 2.94254
 2.78403
 2.61017
 2.43886
 2.29894
 2.19197
 2.10184
 2.01804
 1.93669
 1.86478
 1.81117
 1.77176
 1.73577
 1.69856
 1.66146
 1.62753
 1.59855
 1.57592
 1.56642
 1.56767
 1.56148
 1.54052
 1.50927
 1.47102
 1.43139
 1.3953
 1.36948
 1.35978
 1.35899
 1.35899
 1.36422
 1.37927
 1.39958
 1.42983
 1.48125
 1.54903
 1.6216
 1.6932
 1.74768
 1.7692
 1.7714
 1.76839
 1.74241
 1.68077
 1.60732
 1.5411
 1.47806
 1.41263
 1.3402
 1.25613
 1.15947
 1.06437
 1.00321
 0.985947
 0.988776
 1.00808
 1.04923
 1.08744
 1.10432
 1.11074
 1.11761
 1.12597
 1.13929
 1.1645
 1.19872
 1.22365
 1.23082
 1.23082
 1.22563
 1.21121
 1.19692
 1.18987
 1.18376
 1.17047
 1.14702
 1.11452
 1.07867
 1.04205
 0.994316
 0.916229
 0.809457
 0.717821
 0.666667
 2.33333
 2.4129
 2.42897
 2.38418
 2.31614
 2.2112
 2.09683
 2.01312
 1.94172
 1.86964
 1.79729
 1.7234
 1.65329
 1.59711
 1.56402
 1.55721
 1.56895
 1.59193
 1.61979
 1.64116
 1.6504
 1.65207
 1.64899
 1.63852
 1.6217
 1.60105
 1.57666
 1.54844
 1.51677
 1.48532
 1.46439
 1.45826
 1.45826
 1.46474
 1.48601
 1.51635
 1.54632
 1.57586
 1.60812
 1.64212
 1.66663
 1.67427
 1.67427
 1.67104
 1.65687
 1.63139
 1.60373
 1.57852
 1.55488
 1.53093
 1.50351
 1.46896
 1.42988
 1.40187
 1.39341
 1.39341
 1.39947
 1.41776
 1.44115
 1.46099
 1.47689
 1.49214
 1.51157
 1.53953
 1.5785
 1.62153
 1.65009
 1.65803
 1.65378
 1.62888
 1.57673
 1.51677
 1.46078
 1.40089
 1.3302
 1.25002
 1.16313
 1.06922
 0.968377
 0.873593
 0.80498
 0.76449
 0.741036
 0.726419
 0.719455
 0.719864
 0.72218
 0.734398
 0.762705
 0.794214
 0.834616
 0.888691
 0.944238
 1.06959
 1.33333
 1
 1.64096
 1.89221
 1.9159
 1.91559
 1.90867
 1.91238
 1.92702
 1.9267
 1.91468
 1.89934
 1.8787
 1.85841
 1.83412
 1.79763
 1.75435
 1.71186
 1.67078
 1.63043
 1.59121
 1.5511
 1.50808
 1.46802
 1.43891
 1.41877
 1.40546
 1.40246
 1.4087
 1.42079
 1.43655
 1.45136
 1.45957
 1.46142
 1.46105
 1.45831
 1.45012
 1.4354
 1.41592
 1.39799
 1.38878
 1.38693
 1.38693
 1.38999
 1.39945
 1.41306
 1.4282
 1.4437
 1.45831
 1.47381
 1.49337
 1.51738
 1.54465
 1.5687
 1.5805
 1.5826
 1.58198
 1.57308
 1.5479
 1.51348
 1.47961
 1.44757
 1.41698
 1.38913
 1.36635
 1.34897
 1.33434
 1.31955
 1.30421
 1.29316
 1.28971
 1.29247
 1.30276
 1.31989
 1.33907
 1.3534
 1.35815
 1.35113
 1.3259
 1.28422
 1.23595
 1.18616
 1.13667
 1.0886
 1.04482
 1.01457
 1.00254
 0.99998
 0.999405
 1.00144
 1.0137
 1.05183
 1.13063
 1.23781
 1.31647
 1.33333
