           1          41  0.0000000E+00   14.70000      0.7959600    
           2          43  0.5500000       14.70000      0.7959100    
           3          45  0.6500000       14.70000      0.7958800    
           4          47  0.8750000       14.70000      0.7958300    
           5          49   1.100000       14.70000      0.7958400    
           6          51   1.400000       14.70000      0.7962700    
           7          53   2.093700       14.70000      0.7986900    
           8          55   2.756200       14.70000      0.7987700    
           9          57   3.087500       14.70000      0.7987300    
          10          59   3.750000       14.70000      0.7983000    
          11          61  0.0000000E+00   15.41667      0.8019000    
          12          63  0.5500000       15.41667      0.8019800    
          13          65  0.6500000       15.41667      0.8020100    
          14          67  0.8750000       15.41667      0.8021000    
          15          69   1.100000       15.41667      0.8022300    
          16          71   1.460420       15.41667      0.8025100    
          17          73   2.093700       15.41667      0.8029600    
          18          75   2.756200       15.41667      0.8030900    
          19          77   3.087500       15.41667      0.8029800    
          20          79   3.750000       15.41667      0.8025500    
          21          81  0.0000000E+00   16.13333      0.8076700    
          22          83  0.5500000       16.13333      0.8076700    
          23          85  0.6500000       16.13333      0.8076900    
          24          87  0.8750000       16.13333      0.8077100    
          25          89   1.100000       16.13333      0.8077400    
          26          91   1.520830       16.13333      0.8078400    
          27          93   2.093700       16.13333      0.8079500    
          28          95   2.756200       16.13333      0.8078000    
          29          97   3.087500       16.13333      0.8076700    
          30          99   3.750000       16.13333      0.8072600    
          31         101  0.0000000E+00   16.85000      0.8130800    
          32         103  0.5500000       16.85000      0.8131000    
          33         105  0.6500000       16.85000      0.8131000    
          34         107  0.8750000       16.85000      0.8131100    
          35         109   1.100000       16.85000      0.8131100    
          36         111   1.581250       16.85000      0.8131000    
          37         113   2.093700       16.85000      0.8130400    
          38         115   2.756200       16.85000      0.8128500    
          39         117   3.087500       16.85000      0.8127000    
          40         119   3.750000       16.85000      0.8122800    
          41         121  0.0000000E+00   17.56667      0.8183400    
          42         123  0.5500000       17.56667      0.8184800    
          43         125  0.6500000       17.56667      0.8185200    
          44         127  0.8750000       17.56667      0.8184700    
          45         129   1.100000       17.56667      0.8185300    
          46         131   1.641670       17.56667      0.8184200    
          47         133   2.093700       17.56667      0.8183900    
          48         135   2.756200       17.56667      0.8181600    
          49         137   3.087500       17.56667      0.8179700    
          50         139   3.750000       17.56667      0.8175800    
          51         141  0.0000000E+00   18.28333      0.8238700    
          52         143  0.5500000       18.28333      0.8238400    
          53         145  0.6500000       18.28333      0.8238400    
          54         147  0.8750000       18.28333      0.8239400    
          55         149   1.100000       18.28333      0.8239300    
          56         151   1.702080       18.28333      0.8240000    
          57         153   2.093700       18.28333      0.8239100    
          58         155   2.756200       18.28333      0.8237100    
          59         157   3.087500       18.28333      0.8235700    
          60         159   3.750000       18.28333      0.8230900    
          61         161  0.0000000E+00   19.00000      0.8277400    
          62         163  0.5500000       19.00000      0.8289200    
          63         165  0.6500000       19.00000      0.8292600    
          64         167  0.8750000       19.00000      0.8292100    
          65         169   1.100000       19.00000      0.8297100    
          66         171   1.762500       19.00000      0.8295600    
          67         173   2.093700       19.00000      0.8297300    
          68         175   2.756200       19.00000      0.8295300    
          69         177   3.087500       19.00000      0.8292000    
          70         179   3.750000       19.00000      0.8294000    
          71         181  0.0000000E+00   19.66667      0.8327000    
          72         183  0.5500000       19.66667      0.8326600    
          73         185  0.6500000       19.66667      0.8328300    
          74         187  0.8750000       19.66667      0.8328500    
          75         189   1.100000       19.66667      0.8336100    
          76         191   1.762500       19.66667      0.8336600    
          77         193   2.093700       19.66667      0.8339600    
          78         195   2.756200       19.66667      0.8339600    
          79         197   3.087500       19.66667      0.8331200    
          80         199   3.750000       19.66667      0.8329100    
          81         201  0.0000000E+00   20.33333      0.8361000    
          82         203  0.5500000       20.33333      0.8362800    
          83         205  0.6500000       20.33333      0.8364100    
          84         207  0.8750000       20.33333      0.8364100    
          85         209   1.100000       20.33333      0.8376300    
          86         211   1.762500       20.33333      0.8376600    
          87         213   2.093700       20.33333      0.8383800    
          88         215   2.756200       20.33333      0.8383400    
          89         217   3.087500       20.33333      0.8371700    
          90         219   3.750000       20.33333      0.8369800    
          91         221  0.0000000E+00   21.00000      0.8395900    
          92         223  0.5500000       21.00000      0.8396600    
          93         225  0.6500000       21.00000      0.8398100    
          94         227  0.8750000       21.00000      0.8398500    
          95         229   1.100000       21.00000      0.8415200    
          96         231   1.762500       21.00000      0.8415900    
          97         233   2.093700       21.00000      0.8427700    
          98         235   2.756200       21.00000      0.8427600    
          99         237   3.087500       21.00000      0.8415500    
         100         239   3.750000       21.00000      0.8413200    
         101         241  0.0000000E+00   21.66667      0.8426600    
         102         243  0.5500000       21.66667      0.8427700    
         103         245  0.6500000       21.66667      0.8430500    
         104         247  0.8750000       21.66667      0.8430100    
         105         249   1.100000       21.66667      0.8453900    
         106         251   1.762500       21.66667      0.8455100    
         107         253   2.093700       21.66667      0.8472900    
         108         255   2.756200       21.66667      0.8473100    
         109         257   3.087500       21.66667      0.8462900    
         110         259   3.750000       21.66667      0.8460300    
         111         261  0.0000000E+00   22.33333      0.8453700    
         112         263  0.5500000       22.33333      0.8455100    
         113         265  0.6500000       22.33333      0.8459000    
         114         267  0.8750000       22.33333      0.8460300    
         115         269   1.100000       22.33333      0.8492200    
         116         271   1.762500       22.33333      0.8493800    
         117         273   2.093700       22.33333      0.8520000    
         118         275   2.756200       22.33333      0.8520500    
         119         277   3.087500       22.33333      0.8515000    
         120         279   3.750000       22.33333      0.8512000    
         121         283  0.5500000       23.00000      0.8472700    
         122         285  0.6500000       23.00000      0.8488300    
         123         287  0.8750000       23.00000      0.8483500    
         124         289   1.100000       23.00000      0.8529200    
         125         291   1.762500       23.00000      0.8532300    
         126         293   2.093700       23.00000      0.8568400    
         127         295   2.756200       23.00000      0.8569500    
         128         297   3.087500       23.00000      0.8573200    
         129         299   3.750000       23.00000      0.8569600    
         130         307  0.8750000       23.22500      0.8536900    
         131         309   1.100000       23.22500      0.8541500    
         132         311   1.762500       23.22500      0.8546900    
         133         313   2.093700       23.22500      0.8585200    
         134         315   2.756200       23.22500      0.8586400    
         135         317   3.087500       23.22500      0.8593900    
         136         319   3.750000       23.22500      0.8590900    
         137         329   1.100000       23.45000      0.8549500    
         138         331   1.762500       23.45000      0.8564500    
         139         333   2.093700       23.45000      0.8602000    
         140         335   2.756200       23.45000      0.8603500    
         141         337   3.087500       23.45000      0.8617300    
         142         339   3.750000       23.45000      0.8609700    
         143         351   1.762500       23.78125      0.8591100    
         144         353   2.093700       23.78125      0.8626600    
         145         355   2.756200       23.78125      0.8628800    
         146         357   3.087500       23.78125      0.8650800    
         147         359   3.750000       23.78125      0.8649000    
         148         371   1.762500       24.11250      0.8617500    
         149         373   2.093700       24.11250      0.8649900    
         150         375   2.756200       24.11250      0.8655300    
         151         377   3.087500       24.11250      0.8689900    
         152         379   3.750000       24.11250      0.8683600    
         153         393   2.093700       24.27815      0.8661300    
         154         395   2.756200       24.27815      0.8671600    
         155         397   3.087500       24.27815      0.8709100    
         156         399   3.750000       24.27815      0.8703300    
         157         413   2.093700       24.44380      0.8668400    
         158         415   2.756200       24.44380      0.8691400    
         159         417   3.087500       24.44380      0.8731200    
         160         419   3.750000       24.44380      0.8720500    
         161         435   2.756200       24.77505      0.8730000    
         162         437   3.087500       24.77505      0.8772700    
         163         439   3.750000       24.77505      0.8772900    
         164         455   2.756200       25.10630      0.8768500    
         165         457   3.087500       25.10630      0.8817900    
         166         459   3.750000       25.10630      0.8822900    
         167         477   3.087500       25.27190      0.8837500    
         168         479   3.750000       25.27190      0.8866500    
         169         497   3.087500       25.43750      0.8844800    
         170         499   3.750000       25.43750      0.8921700    
         171         519   3.750000       25.76875      0.9022000    
         172         539   3.750000       26.10000      0.9126000    
         173         545   3.750000       27.33333      0.9420300    
         174         551   3.750000       28.56667      0.9571600    
         175         557   3.750000       29.80000      0.9674900    
         176         563   3.750000       31.03333      0.9753200    
         177         569   3.750000       32.26667      0.9817100    
         178         575   3.750000       33.50000      0.9871700    
         179         581   3.750000       34.73333      0.9920000    
         180         587   3.750000       35.96667      0.9964300    
         181         593   3.750000       37.20000       1.000210    
         182         599   3.750000       38.43333       1.002670    
         183         605   3.750000       39.66667       1.004790    
         184         611   3.750000       40.90000       1.006690    
         185         617   3.750000       42.13333       1.008380    
         186         623   3.750000       43.36667       1.009830    
         187         629   3.750000       44.60000       1.011340    
         188         635   3.750000       46.60000       1.013350    
         189         641   3.750000       48.10000       1.013810    
         190         647   3.750000       49.60000       1.013860    
         191        1001  3.9299998E-02   23.00000      0.8522900    
         192        1000  0.0000000E+00   23.00000      0.8523000    
         193        1003  0.1179000       23.00000      0.8521700    
         194        1005  0.1964000       23.00000      0.8519100    
         195        1007  0.2750000       23.00000      0.8514600    
         196        1009  0.3536000       23.00000      0.8507600    
         197        1011  0.4321000       23.00000      0.8496900    
         198        1013  0.5107000       23.00000      0.8481300    
         199        1015  0.0000000E+00   23.22500      0.8532200    
         200        1017  0.1107500       23.22500      0.8531500    
         201        1019  0.2214000       23.22500      0.8529500    
         202        1021  0.3321500       23.22500      0.8526400    
         203        1023  0.4428500       23.22500      0.8522500    
         204        1025  0.5536000       23.22500      0.8519000    
         205        1027  0.6642500       23.22500      0.8517700    
         206        1029  0.7750000       23.22500      0.8521500    
         207        1031  7.1400002E-02   23.45000      0.8551800    
         208        1030  0.0000000E+00   23.45000      0.8551900    
         209        1033  0.2143000       23.45000      0.8550800    
         210        1035  0.3571000       23.45000      0.8549300    
         211        1037  0.5000000       23.45000      0.8548000    
         212        1039  0.6429000       23.45000      0.8547800    
         213        1041  0.7857000       23.45000      0.8549200    
         214        1043  0.9286000       23.45000      0.8550900    
         215        1045  0.0000000E+00   23.78125      0.8590600    
         216        1047  0.1902000       23.78125      0.8590200    
         217        1049  0.3803500       23.78125      0.8588900    
         218        1051  0.5705500       23.78125      0.8586900    
         219        1053  0.7607000       23.78125      0.8584000    
         220        1055  0.9509000       23.78125      0.8579400    
         221        1057   1.141050       23.78125      0.8571600    
         222        1059   1.331250       23.78125      0.8559300    
         223        1061  0.1188000       24.11250      0.8635200    
         224        1060  0.0000000E+00   24.11250      0.8635400    
         225        1063  0.3563000       24.11250      0.8634000    
         226        1065  0.5937000       24.11250      0.8631400    
         227        1067  0.8313000       24.11250      0.8627200    
         228        1069   1.068800       24.11250      0.8621000    
         229        1071   1.306300       24.11250      0.8612700    
         230        1073   1.543800       24.11250      0.8603100    
         231        1075  0.0000000E+00   24.27815      0.8659700    
         232        1077  0.2611500       24.27815      0.8659000    
         233        1079  0.5223000       24.27815      0.8656800    
         234        1081  0.7835000       24.27815      0.8653000    
         235        1083   1.044650       24.27815      0.8647600    
         236        1085   1.305800       24.27815      0.8640900    
         237        1087   1.566950       24.27815      0.8635400    
         238        1089   1.828100       24.27815      0.8639300    
         239        1091  0.1424000       24.44380      0.8685100    
         240        1090  0.0000000E+00   24.44380      0.8685200    
         241        1093  0.4272000       24.44380      0.8683500    
         242        1095  0.7121000       24.44380      0.8680300    
         243        1097  0.9969000       24.44380      0.8675600    
         244        1099   1.281700       24.44380      0.8670100    
         245        1101   1.566500       24.44380      0.8666400    
         246        1103   1.851300       24.44380      0.8668500    
         247        1105  0.0000000E+00   24.77505      0.8739700    
         248        1107  0.3321500       24.77505      0.8738800    
         249        1109  0.6642500       24.77505      0.8736400    
         250        1111  0.9964500       24.77505      0.8732400    
         251        1113   1.328600       24.77505      0.8727100    
         252        1115   1.660700       24.77505      0.8720500    
         253        1117   1.992850       24.77505      0.8709800    
         254        1119   2.324950       24.77505      0.8683800    
         255        1121  0.1897000       25.10630      0.8797500    
         256        1120  0.0000000E+00   25.10630      0.8797700    
         257        1123  0.5692000       25.10630      0.8795900    
         258        1125  0.9487000       25.10630      0.8792800    
         259        1127   1.328100       25.10630      0.8788100    
         260        1129   1.707600       25.10630      0.8780900    
         261        1131   2.087100       25.10630      0.8769000    
         262        1133   2.466500       25.10630      0.8749700    
         263        1135  0.0000000E+00   25.27190      0.8827800    
         264        1137  0.4031500       25.27190      0.8827100    
         265        1139  0.8062500       25.27190      0.8824900    
         266        1141   1.209400       25.27190      0.8821300    
         267        1143   1.612500       25.27190      0.8815500    
         268        1145   2.015600       25.27190      0.8806300    
         269        1147   2.418750       25.27190      0.8793200    
         270        1149   2.821850       25.27190      0.8801900    
         271        1151  0.2134000       25.43750      0.8858400    
         272        1150  0.0000000E+00   25.43750      0.8858500    
         273        1153  0.6402000       25.43750      0.8857200    
         274        1155   1.067000       25.43750      0.8854600    
         275        1157   1.493700       25.43750      0.8850500    
         276        1159   1.920500       25.43750      0.8843900    
         277        1161   2.347300       25.43750      0.8837300    
         278        1163   2.774100       25.43750      0.8846500    
         279        1165  0.0000000E+00   25.76875      0.8921400    
         280        1167  0.4741000       25.76875      0.8921100    
         281        1169  0.9482500       25.76875      0.8920200    
         282        1171   1.422350       25.76875      0.8918800    
         283        1173   1.896400       25.76875      0.8916600    
         284        1175   2.370500       25.76875      0.8915200    
         285        1177   2.844650       25.76875      0.8912800    
         286        1179   3.318750       25.76875      0.8878000    
         287        1181  0.2607000       26.10000      0.8985300    
         288        1180  0.0000000E+00   26.10000      0.8985200    
         289        1183  0.7821000       26.10000      0.8985700    
         290        1185   1.303600       26.10000      0.8986900    
         291        1187   1.825000       26.10000      0.8989100    
         292        1189   2.346400       26.10000      0.8993300    
         293        1191   2.867900       26.10000      0.8997100    
         294        1193   3.389300       26.10000      0.9017300    
         295        1195  0.0000000E+00   26.71667      0.9103700    
         296        1197  0.5214000       26.71667      0.9104900    
         297        1199   1.042900       26.71667      0.9108700    
         298        1201   1.564300       26.71667      0.9115800    
         299        1203   2.085700       26.71667      0.9127300    
         300        1205   2.607100       26.71667      0.9145300    
         301        1207   3.128600       26.71667      0.9177900    
         302        1209   3.650000       26.71667      0.9232100    
         303        1211  0.2607000       27.33333      0.9217800    
         304        1210  0.0000000E+00   27.33333      0.9217400    
         305        1213  0.7821000       27.33333      0.9221600    
         306        1215   1.303600       27.33333      0.9229700    
         307        1217   1.825000       27.33333      0.9243100    
         308        1219   2.346400       27.33333      0.9263800    
         309        1221   2.867900       27.33333      0.9292900    
         310        1223   3.389300       27.33333      0.9337700    
         311        1225  0.0000000E+00   27.95000      0.9322000    
         312        1227  0.5214000       27.95000      0.9324300    
         313        1229   1.042900       27.95000      0.9331100    
         314        1231   1.564300       27.95000      0.9343000    
         315        1233   2.085700       27.95000      0.9361000    
         316        1235   2.607100       27.95000      0.9386100    
         317        1237   3.128600       27.95000      0.9419700    
         318        1239   3.650000       27.95000      0.9462700    
         319        1241  0.2607000       28.56667      0.9416300    
         320        1240  0.0000000E+00   28.56667      0.9415800    
         321        1243  0.7821000       28.56667      0.9420800    
         322        1245   1.303600       28.56667      0.9430000    
         323        1247   1.825000       28.56667      0.9444200    
         324        1249   2.346400       28.56667      0.9463900    
         325        1251   2.867900       28.56667      0.9489800    
         326        1253   3.389300       28.56667      0.9521200    
         327        1255  0.0000000E+00   29.18333      0.9498000    
         328        1257  0.5214000       29.18333      0.9500100    
         329        1259   1.042900       29.18333      0.9506300    
         330        1261   1.564300       29.18333      0.9516700    
         331        1263   2.085700       29.18333      0.9531600    
         332        1265   2.607100       29.18333      0.9550900    
         333        1267   3.128600       29.18333      0.9574700    
         334        1269   3.650000       29.18333      0.9602500    
         335        1271  0.2607000       29.80000      0.9570000    
         336        1270  0.0000000E+00   29.80000      0.9569500    
         337        1273  0.7821000       29.80000      0.9573500    
         338        1275   1.303600       29.80000      0.9580700    
         339        1277   1.825000       29.80000      0.9591500    
         340        1279   2.346400       29.80000      0.9605800    
         341        1281   2.867900       29.80000      0.9623400    
         342        1283   3.389300       29.80000      0.9644300    
         343        1285  0.0000000E+00   30.41667      0.9631500    
         344        1287  0.5214000       30.41667      0.9633000    
         345        1289   1.042900       30.41667      0.9637500    
         346        1291   1.564300       30.41667      0.9644900    
         347        1293   2.085700       30.41667      0.9655300    
         348        1295   2.607100       30.41667      0.9668300    
         349        1297   3.128600       30.41667      0.9683800    
         350        1299   3.650000       30.41667      0.9701300    
         351        1301  0.2607000       31.03333      0.9685700    
         352        1300  0.0000000E+00   31.03333      0.9685400    
         353        1303  0.7821000       31.03333      0.9688200    
         354        1305   1.303600       31.03333      0.9693100    
         355        1307   1.825000       31.03333      0.9700300    
         356        1309   2.346400       31.03333      0.9709800    
         357        1311   2.867900       31.03333      0.9721200    
         358        1313   3.389300       31.03333      0.9734300    
         359        1315  0.0000000E+00   31.65000      0.9732700    
         360        1317  0.5214000       31.65000      0.9733700    
         361        1319   1.042900       31.65000      0.9736700    
         362        1321   1.564300       31.65000      0.9741600    
         363        1323   2.085700       31.65000      0.9748200    
         364        1325   2.607100       31.65000      0.9756600    
         365        1327   3.128600       31.65000      0.9766300    
         366        1329   3.650000       31.65000      0.9777300    
         367        1331  0.2607000       32.26667      0.9774900    
         368        1330  0.0000000E+00   32.26667      0.9774700    
         369        1333  0.7821000       32.26667      0.9776500    
         370        1335   1.303600       32.26667      0.9779600    
         371        1337   1.825000       32.26667      0.9784100    
         372        1339   2.346400       32.26667      0.9790100    
         373        1341   2.867900       32.26667      0.9797200    
         374        1343   3.389300       32.26667      0.9805400    
         375        1345  0.0000000E+00   32.88333      0.9812400    
         376        1347  0.5214000       32.88333      0.9813000    
         377        1349   1.042900       32.88333      0.9814800    
         378        1351   1.564300       32.88333      0.9817800    
         379        1353   2.085700       32.88333      0.9821900    
         380        1355   2.607100       32.88333      0.9827000    
         381        1357   3.128600       32.88333      0.9832900    
         382        1359   3.650000       32.88333      0.9839700    
         383        1361  0.2607000       33.50000      0.9847000    
         384        1360  0.0000000E+00   33.50000      0.9846900    
         385        1363  0.7821000       33.50000      0.9847900    
         386        1365   1.303600       33.50000      0.9849700    
         387        1367   1.825000       33.50000      0.9852300    
         388        1369   2.346400       33.50000      0.9855700    
         389        1371   2.867900       33.50000      0.9859900    
         390        1373   3.389300       33.50000      0.9864700    
         391        1375  0.0000000E+00   34.11667      0.9878900    
         392        1377  0.5214000       34.11667      0.9879200    
         393        1379   1.042900       34.11667      0.9880200    
         394        1381   1.564300       34.11667      0.9881700    
         395        1383   2.085700       34.11667      0.9883800    
         396        1385   2.607100       34.11667      0.9886500    
         397        1387   3.128600       34.11667      0.9889700    
         398        1389   3.650000       34.11667      0.9893300    
         399        1391  0.2607000       34.73333      0.9909300    
         400        1390  0.0000000E+00   34.73333      0.9909300    
         401        1393  0.7821000       34.73333      0.9909700    
         402        1395   1.303600       34.73333      0.9910500    
         403        1397   1.825000       34.73333      0.9911500    
         404        1399   2.346400       34.73333      0.9913000    
         405        1401   2.867900       34.73333      0.9914700    
         406        1403   3.389300       34.73333      0.9916800    
         407        1405  0.0000000E+00   35.35000      0.9938700    
         408        1407  0.5214000       35.35000      0.9938800    
         409        1409   1.042900       35.35000      0.9939000    
         410        1411   1.564300       35.35000      0.9939300    
         411        1413   2.085700       35.35000      0.9939800    
         412        1415   2.607100       35.35000      0.9940200    
         413        1417   3.128600       35.35000      0.9940800    
         414        1419   3.650000       35.35000      0.9941600    
         415        1421  0.2607000       35.96667      0.9967700    
         416        1420  0.0000000E+00   35.96667      0.9967700    
         417        1423  0.7821000       35.96667      0.9967700    
         418        1425   1.303600       35.96667      0.9967600    
         419        1427   1.825000       35.96667      0.9967400    
         420        1429   2.346400       35.96667      0.9966900    
         421        1431   2.867900       35.96667      0.9966100    
         422        1433   3.389300       35.96667      0.9965100    
         423        1435  0.0000000E+00   36.58333      0.9997700    
         424        1437  0.5214000       36.58333      0.9997700    
         425        1439   1.042900       36.58333      0.9997400    
         426        1441   1.564300       36.58333      0.9996800    
         427        1443   2.085700       36.58333      0.9995900    
         428        1445   2.607100       36.58333      0.9994500    
         429        1447   3.128600       36.58333      0.9992100    
         430        1449   3.650000       36.58333      0.9987700    
         431        1451  0.2607000       37.20000       1.001740    
         432        1450  0.0000000E+00   37.20000       1.001750    
         433        1453  0.7821000       37.20000       1.001720    
         434        1455   1.303600       37.20000       1.001670    
         435        1457   1.825000       37.20000       1.001590    
         436        1459   2.346400       37.20000       1.001450    
         437        1461   2.867900       37.20000       1.001250    
         438        1463   3.389300       37.20000       1.000920    
         439        1465  0.0000000E+00   37.81667       1.002400    
         440        1467  0.5214000       37.81667       1.002390    
         441        1469   1.042900       37.81667       1.002350    
         442        1471   1.564300       37.81667       1.002300    
         443        1473   2.085700       37.81667       1.002210    
         444        1475   2.607100       37.81667       1.002080    
         445        1477   3.128600       37.81667       1.001920    
         446        1479   3.650000       37.81667       1.001740    
         447        1481  0.2607000       38.43333       1.003100    
         448        1480  0.0000000E+00   38.43333       1.003100    
         449        1483  0.7821000       38.43333       1.003090    
         450        1485   1.303600       38.43333       1.003060    
         451        1487   1.825000       38.43333       1.003010    
         452        1489   2.346400       38.43333       1.002950    
         453        1491   2.867900       38.43333       1.002870    
         454        1493   3.389300       38.43333       1.002790    
         455        1495  0.0000000E+00   39.05000       1.003850    
         456        1497  0.5214000       39.05000       1.003850    
         457        1499   1.042900       39.05000       1.003840    
         458        1501   1.564300       39.05000       1.003820    
         459        1503   2.085700       39.05000       1.003800    
         460        1505   2.607100       39.05000       1.003780    
         461        1507   3.128600       39.05000       1.003760    
         462        1509   3.650000       39.05000       1.003750    
         463        1511  0.2607000       39.66667       1.004620    
         464        1510  0.0000000E+00   39.66667       1.004620    
         465        1513  0.7821000       39.66667       1.004620    
         466        1515   1.303600       39.66667       1.004620    
         467        1517   1.825000       39.66667       1.004630    
         468        1519   2.346400       39.66667       1.004640    
         469        1521   2.867900       39.66667       1.004660    
         470        1523   3.389300       39.66667       1.004690    
         471        1525  0.0000000E+00   40.28333       1.005380    
         472        1527  0.5214000       40.28333       1.005390    
         473        1529   1.042900       40.28333       1.005400    
         474        1531   1.564300       40.28333       1.005420    
         475        1533   2.085700       40.28333       1.005450    
         476        1535   2.607100       40.28333       1.005500    
         477        1537   3.128600       40.28333       1.005560    
         478        1539   3.650000       40.28333       1.005630    
         479        1541  0.2607000       40.90000       1.006120    
         480        1540  0.0000000E+00   40.90000       1.006120    
         481        1543  0.7821000       40.90000       1.006140    
         482        1545   1.303600       40.90000       1.006170    
         483        1547   1.825000       40.90000       1.006220    
         484        1549   2.346400       40.90000       1.006280    
         485        1551   2.867900       40.90000       1.006360    
         486        1553   3.389300       40.90000       1.006460    
         487        1555  0.0000000E+00   41.51667       1.006820    
         488        1557  0.5214000       41.51667       1.006830    
         489        1559   1.042900       41.51667       1.006860    
         490        1561   1.564300       41.51667       1.006920    
         491        1563   2.085700       41.51667       1.006990    
         492        1565   2.607100       41.51667       1.007090    
         493        1567   3.128600       41.51667       1.007210    
         494        1569   3.650000       41.51667       1.007340    
         495        1571  0.2607000       42.13333       1.007450    
         496        1570  0.0000000E+00   42.13333       1.007450    
         497        1573  0.7821000       42.13333       1.007480    
         498        1575   1.303600       42.13333       1.007540    
         499        1577   1.825000       42.13333       1.007630    
         500        1579   2.346400       42.13333       1.007740    
         501        1581   2.867900       42.13333       1.007870    
         502        1583   3.389300       42.13333       1.008030    
         503        1585  0.0000000E+00   42.75000       1.008000    
         504        1587  0.5214000       42.75000       1.008020    
         505        1589   1.042900       42.75000       1.008070    
         506        1591   1.564300       42.75000       1.008170    
         507        1593   2.085700       42.75000       1.008290    
         508        1595   2.607100       42.75000       1.008450    
         509        1597   3.128600       42.75000       1.008630    
         510        1599   3.650000       42.75000       1.008830    
         511        1601  0.2607000       43.36667       1.008460    
         512        1600  0.0000000E+00   43.36667       1.008450    
         513        1603  0.7821000       43.36667       1.008500    
         514        1605   1.303600       43.36667       1.008590    
         515        1607   1.825000       43.36667       1.008720    
         516        1609   2.346400       43.36667       1.008900    
         517        1611   2.867900       43.36667       1.009120    
         518        1613   3.389300       43.36667       1.009380    
         519        1615  0.0000000E+00   43.98333       1.008780    
         520        1617  0.5214000       43.98333       1.008810    
         521        1619   1.042900       43.98333       1.008880    
         522        1621   1.564300       43.98333       1.009010    
         523        1623   2.085700       43.98333       1.009200    
         524        1625   2.607100       43.98333       1.009450    
         525        1627   3.128600       43.98333       1.009790    
         526        1629   3.650000       43.98333       1.010130    
         527        1631  0.2607000       44.60000       1.008980    
         528        1630  0.0000000E+00   44.60000       1.008980    
         529        1633  0.7821000       44.60000       1.009030    
         530        1635   1.303600       44.60000       1.009140    
         531        1637   1.825000       44.60000       1.009310    
         532        1639   2.346400       44.60000       1.009550    
         533        1641   2.867900       44.60000       1.009880    
         534        1643   3.389300       44.60000       1.010480    
         535        1645  0.0000000E+00   45.60000       1.010820    
         536        1647  0.5214000       45.60000       1.010840    
         537        1649   1.042900       45.60000       1.010900    
         538        1651   1.564300       45.60000       1.011020    
         539        1653   2.085700       45.60000       1.011200    
         540        1655   2.607100       45.60000       1.011480    
         541        1657   3.128600       45.60000       1.011920    
         542        1659   3.650000       45.60000       1.012500    
         543        1661  0.2607000       46.60000       1.012380    
         544        1660  0.0000000E+00   46.60000       1.012380    
         545        1663  0.7821000       46.60000       1.012390    
         546        1665   1.303600       46.60000       1.012410    
         547        1667   1.825000       46.60000       1.012440    
         548        1669   2.346400       46.60000       1.012490    
         549        1671   2.867900       46.60000       1.012570    
         550        1673   3.389300       46.60000       1.012830    
         551        1689   3.650000       47.35000       1.013440    
         552        1691  0.2607000       48.10000       1.012890    
         553        1690  0.0000000E+00   48.10000       1.012880    
         554        1693  0.7821000       48.10000       1.012910    
         555        1695   1.303600       48.10000       1.012960    
         556        1697   1.825000       48.10000       1.013020    
         557        1699   2.346400       48.10000       1.013110    
         558        1701   2.867900       48.10000       1.013220    
         559        1703   3.389300       48.10000       1.013370    
         560        1705  0.0000000E+00   48.85000       1.012890    
         561        1707  0.5214000       48.85000       1.012900    
         562        1709   1.042900       48.85000       1.012930    
         563        1711   1.564300       48.85000       1.012990    
         564        1713   2.085700       48.85000       1.013070    
         565        1715   2.607100       48.85000       1.013170    
         566        1717   3.128600       48.85000       1.013310    
         567        1719   3.650000       48.85000       1.013460    
         568        1721  0.2607000       49.60000       1.012790    
         569        1720  0.0000000E+00   49.60000       1.012790    
         570        1723  0.7821000       49.60000       1.012820    
         571        1725   1.303600       49.60000       1.012860    
         572        1727   1.825000       49.60000       1.012930    
         573        1729   2.346400       49.60000       1.013030    
         574        1731   2.867900       49.60000       1.013150    
         575        1733   3.389300       49.60000       1.013300    

