 1 -1.2611
 2 -1.2274
 3 -1.19444
 4 -1.16297
 5 -1.13373
 6 -1.10746
 7 -1.08465
 8 -1.06437
 9 -1.04522
 10 -1.0258
 11 -1.00472
 12 -0.980937
 13 -0.955316
 14 -0.929326
 15 -0.904433
 16 -0.882103
 17 -0.863576
 18 -0.849259
 19 -0.839366
 20 -0.834116
 21 -0.83372
 22 -0.837717
 23 -0.844315
 24 -0.851563
 25 -0.857511
 26 -0.860284
 27 -0.859461
 28 -0.85591
 29 -0.850539
 30 -0.844262
 31 -0.837793
 32 -0.830877
 33 -0.822973
 34 -0.813536
 35 -0.802028
 36 -0.78821
 37 -0.772222
 38 -0.75423
 39 -0.734397
 40 -0.712587
 41 -0.687236
 42 -0.656372
 43 -0.618021
 44 -0.570316
 45 -0.513248
 46 -0.448357
 47 -0.377228
 48 -0.301444
 49 -0.221591
 50 -0.136366
 51 -0.0442414
 52 0.0563056
 53 0.166514
 54 0.2865
 55 0.416119
 56 0.555219
 57 0.70353
 58 0.859967
 59 1.02311
 60 1.19152
 61 1.36389
 62 1.54002
 63 1.72036
 64 1.90538
 65 2.09554
 66 2.29098
 67 2.49171
 68 2.69769
 69 2.90882
 70 3.12375
 71 3.34026
 72 3.55613
 73 3.76913
 74 3.97713
 75 4.17804
 76 4.36979
 77 4.55054
 78 4.72034
 79 4.8802
 80 5.03111
 81 5.17363
 82 5.30582
 83 5.425
 84 5.52847
 85 5.61364
 86 5.67826
 87 5.72013
 88 5.73709
 89 5.72886
 90 5.69801
 91 5.6474
 92 5.57945
 93 5.49123
 94 5.37581
 95 5.2262
 96 5.03751
 97 4.81507
 98 4.56725
 99 4.30237
 100 4.02526
 101 3.73487
 102 3.42958
 103 3.10791
 104 2.76957
 105 2.41497
 106 2.04452
 107 1.66002
 108 1.26672
 109 0.870496
 110 0.476811
 111 0.086215
 112 -0.3043
 113 -0.697818
 114 -1.09443
 115 -1.4863
 116 -1.8643
 117 -2.22006
 118 -2.55351
 119 -2.86968
 120 -3.1736
 121 -3.46585
 122 -3.73881
 123 -3.98397
 124 -4.19522
 125 -4.37985
 126 -4.54983
 127 -4.71676
 128 -4.88407
 129 -5.04769
 130 -5.20328
 131 -5.34941
 132 -5.49089
 133 -5.63335
 134 -5.78141
 135 -5.93443
 136 -6.09006
 137 -6.24609
 138 -6.40224
 139 -6.55946
 140 -6.71867
 141 -6.87826
 142 -7.03351
 143 -7.17948
 144 -7.31053
 145 -7.4194
 146 -7.49863
 147 -7.54319
 148 -7.55699
 149 -7.54605
 150 -7.51578
 151 -7.46816
 152 -7.40389
 153 -7.32362
 154 -7.22732
 155 -7.11461
 156 -6.98515
 157 -6.83891
 158 -6.6761
 159 -6.49733
 160 -6.31013
 161 -6.12805
 162 -5.96416
 163 -5.81634
 164 -5.6674
 165 -5.50002
 166 -5.3112
 167 -5.11357
 168 -4.92002
 169 -4.72772
 170 -4.51609
 171 -4.2646
 172 -3.97937
 173 -3.69552
 174 -3.44826
 175 -3.24086
 176 -3.04449
 177 -2.83036
 178 -2.59598
 179 -2.36169
 180 -2.14725
 181 -1.95455
 182 -1.77265
 183 -1.59
 184 -1.39169
 185 -1.16092
 186 -0.884064
 187 -0.568335
 188 -0.229408
 189 0.123428
 190 0.509059
 191 0.95407
 192 1.47176
 193 2.03857
 194 2.62488
 195 3.22205
 196 3.85777
 197 4.56191
 198 5.32849
 199 6.11393
 200 6.87707
 201 7.62223
 202 8.3814
 203 9.17768
 204 9.9857
 205 10.7643
 206 11.485
 207 12.151
 208 12.7703
 209 13.3436
 210 13.8629
 211 14.3195
 212 14.7095
 213 15.0313
 214 15.2828
 215 15.4581
 216 15.5507
 217 15.5582
 218 15.4857
 219 15.3392
 220 15.1272
 221 14.8599
 222 14.5498
 223 14.2197
 224 13.8948
 225 13.5786
 226 13.2366
 227 12.8342
 228 12.3816
 229 11.9179
 230 11.4669
 231 10.9974
 232 10.4672
 233 9.86735
 234 9.22748
 235 8.57265
 236 7.88552
 237 7.13264
 238 6.31159
 239 5.47644
 240 4.68131
 241 3.92126
 242 3.15752
 243 2.36857
 244 1.57668
 245 0.807464
 246 0.0418461
 247 -0.771438
 248 -1.66064
 249 -2.58391
 250 -3.49056
 251 -4.39328
 252 -5.35458
 253 -6.4104
 254 -7.51172
 255 -8.5956
 256 -9.63022
 257 -10.6074
 258 -11.5316
 259 -12.4405
 260 -13.3709
 261 -14.2843
 262 -15.0945
 263 -15.7532
 264 -16.2929
 265 -16.7556
 266 -17.1758
 267 -17.5842
 268 -17.9767
 269 -18.2982
 270 -18.5041
 271 -18.6189
 272 -18.6866
 273 -18.719
 274 -18.698
 275 -18.6109
 276 -18.4601
 277 -18.2518
 278 -18.0004
 279 -17.7243
 280 -17.4298
 281 -17.1064
 282 -16.7466
 283 -16.3566
 284 -15.9462
 285 -15.5265
 286 -15.1087
 287 -14.691
 288 -14.2497
 289 -13.7613
 290 -13.2079
 291 -12.5785
 292 -11.9166
 293 -11.3004
 294 -10.7542
 295 -10.2218
 296 -9.65812
 297 -9.07795
 298 -8.51098
 299 -8.0019
 300 -7.60151
 301 -7.31878
 302 -7.11752
 303 -6.96043
 304 -6.81261
 305 -6.65182
 306 -6.51667
 307 -6.45778
 308 -6.44851
 309 -6.41367
 310 -6.29571
 311 -6.05969
 312 -5.68291
 313 -5.16803
 314 -4.52085
 315 -3.74487
 316 -2.83976
 317 -1.77609
 318 -0.512335
 319 0.912697
 320 2.38419
 321 3.878
 322 5.52564
 323 7.41536
 324 9.46911
 325 11.583
 326 13.6722
 327 15.6683
 328 17.5938
 329 19.519
 330 21.5004
 331 23.5802
 332 25.7093
 333 27.7217
 334 29.5256
 335 31.1918
 336 32.7864
 337 34.3035
 338 35.7357
 339 37.1354
 340 38.5482
 341 39.8492
 342 40.8629
 343 41.6632
 344 42.4658
 345 43.2797
 346 43.9408
 347 44.3478
 348 44.478
 349 44.3262
 350 43.9075
 351 43.2574
 352 42.4478
 353 41.5131
 354 40.3817
 355 38.9813
 356 37.293
 357 35.3363
 358 33.2436
 359 31.1305
 360 28.8766
 361 26.327
 362 23.5874
 363 20.8336
 364 18.0052
 365 14.9511
 366 11.6754
 367 8.26201
 368 4.7746
 369 1.26095
 370 -2.26707
 371 -5.8226
 372 -9.43625
 373 -13.1444
 374 -16.8835
 375 -20.513
 376 -23.8965
 377 -26.9161
 378 -29.6796
 379 -32.4655
 380 -35.1941
 381 -37.4841
 382 -39.236
 383 -40.5999
 384 -41.6202
 385 -42.2439
 386 -42.4508
 387 -42.2538
 388 -41.7182
 389 -40.9445
 390 -39.9444
 391 -38.6692
 392 -37.1881
 393 -35.643
 394 -34.0319
 395 -32.2735
 396 -30.4539
 397 -28.74
 398 -27.1333
 399 -25.5531
 400 -23.9585
 401 -22.3323
 402 -20.6928
 403 -19.0719
 404 -17.5003
 405 -15.9905
 406 -14.5419
 407 -13.1535
 408 -11.8201
 409 -10.5311
 410 -9.27573
 411 -8.06673
 412 -6.96851
 413 -6.05241
 414 -5.3608
 415 -4.82678
 416 -4.35761
 417 -3.87918
 418 -3.43604
 419 -3.11936
 420 -3.00991
 421 -3.0757
 422 -3.21607
 423 -3.33404
 424 -3.41964
 425 -3.5406
 426 -3.76601
 427 -4.11514
 428 -4.54514
 429 -5.00947
 430 -5.4828
 431 -5.97597
 432 -6.50338
 433 -7.0738
 434 -7.68326
 435 -8.32604
 436 -8.98765
 437 -9.62759
 438 -10.2006
 439 -10.6718
 440 -11.0451
 441 -11.3334
 442 -11.5371
 443 -11.598
 444 -11.4415
 445 -11.0023
 446 -10.2649
 447 -9.23018
 448 -7.90301
 449 -6.31239
 450 -4.49634
 451 -2.48669
 452 -0.274065
 453 2.16772
 454 4.85187
 455 7.70042
 456 10.5964
 457 13.4369
 458 16.2196
 459 18.9859
 460 21.773
 461 24.5872
 462 27.4217
 463 30.2655
 464 33.0804
 465 35.8174
 466 38.4298
 467 40.8848
 468 43.1549
 469 45.2127
 470 47.0315
 471 48.5852
 472 49.8409
 473 50.7356
 474 51.1977
 475 51.1761
 476 50.6985
 477 49.8112
 478 48.553
 479 46.9401
 480 44.9845
 481 42.7017
 482 40.1158
 483 37.2526
 484 34.1378
 485 30.798
 486 27.2602
 487 23.5699
 488 19.7987
 489 16.0191
 490 12.2754
 491 8.58255
 492 4.95497
 493 1.4192
 494 -1.98916
 495 -5.23534
 496 -8.29385
 497 -11.1441
 498 -13.7654
 499 -16.136
 500 -18.2337
 501 -20.0391
 502 -21.5411
 503 -22.7307
 504 -23.616
 505 -24.2422
 506 -24.6607
 507 -24.9661
 508 -25.3133
 509 -25.8525
 510 -26.5779
 511 -27.3502
 512 -28.036
 513 -28.5913
 514 -29.0183
 515 -29.3395
 516 -29.6723
 517 -30.1609
 518 -30.866
 519 -31.6413
 520 -32.3115
 521 -32.8222
 522 -33.2844
 523 -33.8121
 524 -34.3843
 525 -34.8788
 526 -35.187
 527 -35.3045
 528 -35.2683
 529 -35.1005
 530 -34.7772
 531 -34.2661
 532 -33.5637
 533 -32.7103
 534 -31.7446
 535 -30.6332
 536 -29.2876
 537 -27.6486
 538 -25.8354
 539 -24.0322
 540 -22.3529
 541 -20.7335
 542 -19.0825
 543 -17.3355
 544 -15.4593
 545 -13.4334
 546 -11.3327
 547 -9.28385
 548 -7.37809
 549 -5.57872
 550 -3.82164
 551 -2.1049
 552 -0.519427
 553 0.844199
 554 1.9878
 555 2.97274
 556 3.8519
 557 4.63947
 558 5.33952
 559 5.93829
 560 6.39399
 561 6.67944
 562 6.96502
 563 7.54803
 564 8.61855
 565 9.9535
 566 11.2374
 567 12.3973
 568 13.697
 569 15.3916
 570 17.4352
 571 19.6217
 572 21.8215
 573 24.1306
 574 26.6775
 575 29.3999
 576 32.0397
 577 34.3655
 578 36.356
 579 38.0659
 580 39.566
 581 40.9562
 582 42.3252
 583 43.5914
 584 44.5636
 585 45.106
 586 45.2664
 587 45.1303
 588 44.7989
 589 44.3907
 590 43.9891
 591 43.4909
 592 42.7323
 593 41.6187
 594 40.1633
 595 38.3956
 596 36.4052
 597 34.31
 598 32.1287
 599 29.6618
 600 26.7087
 601 23.3952
 602 20.0639
 603 16.9651
 604 14.0688
 605 11.3011
 606 8.69537
 607 6.37484
 608 4.41501
 609 2.70951
 610 1.1193
 611 -0.311624
 612 -1.36015
 613 -1.86988
 614 -1.99388
 615 -1.95974
 616 -1.83328
 617 -1.50601
 618 -0.930046
 619 -0.368017
 620 -0.158765
 621 -0.341918
 622 -0.6246
 623 -0.797681
 624 -1.10518
 625 -1.91003
 626 -3.36533
 627 -5.39824
 628 -7.90441
 629 -10.6948
 630 -13.5639
 631 -16.4324
 632 -19.3444
 633 -22.27
 634 -24.8944
 635 -26.8625
 636 -28.2298
 637 -29.3964
 638 -30.6037
 639 -31.5958
 640 -32.0598
 641 -32.0997
 642 -32.0998
 643 -32.3079
 644 -32.6543
 645 -33.0324
 646 -33.3922
 647 -33.7121
 648 -33.9722
 649 -34.1543
 650 -34.2415
 651 -34.2215
 652 -34.0834
 653 -33.8036
 654 -33.3444
 655 -32.6995
 656 -31.9823
 657 -31.3247
 658 -30.7266
 659 -30.0898
 660 -29.3025
 661 -28.2285
 662 -26.7724
 663 -25.1761
 664 -23.8281
 665 -22.7417
 666 -21.4262
 667 -19.5314
 668 -17.4299
 669 -15.6413
 670 -14.1028
 671 -12.3037
 672 -10.0372
 673 -7.7781
 674 -5.98792
 675 -4.44511
 676 -2.65875
 677 -0.471468
 678 1.89632
 679 4.19485
 680 6.14597
 681 7.51526
 682 8.55426
 683 9.7841
 684 11.3708
 685 12.9527
 686 14.2224
 687 15.264
 688 16.248
 689 17.1717
 690 17.9144
 691 18.4674
 692 19.0172
 693 19.7369
 694 20.6489
 695 21.7305
 696 22.9339
 697 24.1927
 698 25.4588
 699 26.717
 700 27.9558
 701 29.1635
 702 30.3252
 703 31.3833
 704 32.2489
 705 32.8328
 706 33.0456
 707 32.8222
 708 32.1981
 709 31.235
 710 29.9944
 711 28.5373
 712 26.9051
 713 25.1116
 714 23.1682
 715 21.0866
 716 18.8813
 717 16.5913
 718 14.2671
 719 11.9594
 720 9.71877
 721 7.58383
 722 5.56533
 723 3.67015
 724 1.90514
 725 0.278836
 726 -1.17705
 727 -2.41396
 728 -3.38297
 729 -4.03513
 730 -4.34239
 731 -4.34375
 732 -4.09171
 733 -3.63878
 734 -3.03639
 735 -2.31592
 736 -1.49064
 737 -0.573175
 738 0.423842
 739 1.47584
 740 2.51372
 741 3.45799
 742 4.22916
 743 4.75091
 744 5.01258
 745 5.06535
 746 4.9628
 747 4.7585
 748 4.4755
 749 4.02796
 750 3.30587
 751 2.19921
 752 0.607566
 753 -1.40698
 754 -3.64678
 755 -5.91004
 756 -7.99504
 757 -9.76356
 758 -11.2579
 759 -12.5522
 760 -13.7205
 761 -14.8314
 762 -15.8916
 763 -16.8686
 764 -17.7297
 765 -18.4421
 766 -19.0161
 767 -19.5445
 768 -20.1293
 769 -20.8725
 770 -21.8585
 771 -23.0576
 772 -24.3957
 773 -25.7981
 774 -27.1908
 775 -28.5124
 776 -29.716
 777 -30.7555
 778 -31.5846
 779 -32.173
 780 -32.541
 781 -32.7193
 782 -32.7387
 783 -32.6251
 784 -32.357
 785 -31.885
 786 -31.1593
 787 -30.1313
 788 -28.8098
 789 -27.2882
 790 -25.6663
 791 -24.0443
 792 -22.4877
 793 -20.9307
 794 -19.2755
 795 -17.4244
 796 -15.2874
 797 -12.8535
 798 -10.1603
 799 -7.2459
 800 -4.14811
 801 -0.89403
 802 2.50401
 803 6.03476
 804 9.68699
 805 13.4478
 806 17.2992
 807 21.2222
 808 25.1977
 809 29.1961
 810 33.1088
 811 36.7913
 812 40.099
 813 42.8932
 814 45.158
 815 46.993
 816 48.5021
 817 49.7882
 818 50.8624
 819 51.565
 820 51.7174
 821 51.1414
 822 49.7368
 823 47.7001
 824 45.298
 825 42.7973
 826 40.4364
 827 38.2346
 828 36.1081
 829 33.9728
 830 31.749
 831 29.4352
 832 27.0969
 833 24.8017
 834 22.6163
 835 20.5706
 836 18.6392
 837 16.7927
 838 15.0013
 839 13.235
 840 11.4623
 841 9.65149
 842 7.77101
 843 5.80035
 844 3.76847
 845 1.718
 846 -0.308429
 847 -2.26567
 848 -4.08939
 849 -5.70645
 850 -7.04365
 851 -8.03413
 852 -8.6958
 853 -9.10708
 854 -9.34769
 855 -9.49617
 856 -9.60069
 857 -9.67703
 858 -9.73938
 859 -9.8019
 860 -9.8756
 861 -9.96665
 862 -10.0808
 863 -10.2238
 864 -10.4033
 865 -10.6307
 866 -10.9181
 867 -11.2774
 868 -11.6975
 869 -12.0952
 870 -12.3739
 871 -12.4368
 872 -12.2255
 873 -11.8457
 874 -11.4465
 875 -11.177
 876 -11.1594
 877 -11.3623
 878 -11.6994
 879 -12.0846
 880 -12.4433
 881 -12.7877
 882 -13.1699
 883 -13.6419
 884 -14.248
 885 -14.9562
 886 -15.692
 887 -16.3803
 888 -16.9497
 889 -17.3763
 890 -17.6679
 891 -17.8327
 892 -17.8825
 893 -17.8809
 894 -17.9318
 895 -18.1403
 896 -18.6025
 897 -19.2507
 898 -19.873
 899 -20.2526
 900 -20.182
 901 -19.6512
 902 -18.8403
 903 -17.937
 904 -17.1247
 905 -16.4804
 906 -15.9716
 907 -15.5607
 908 -15.21
 909 -14.8764
 910 -14.5109
 911 -14.0644
 912 -13.4885
 913 -12.7582
 914 -11.8736
 915 -10.8362
 916 -9.64723
 917 -8.29837
 918 -6.77106
 919 -5.04622
 920 -3.10838
 921 -1.03452
 922 1.00069
 923 2.81792
 924 4.24564
 925 5.29017
 926 6.13482
 927 6.97049
 928 7.98106
 929 9.2105
 930 10.5741
 931 11.9822
 932 13.3463
 933 14.5921
 934 15.6577
 935 16.4814
 936 17.0089
 937 17.2879
 938 17.4408
 939 17.5917
 940 17.8566
 941 18.2634
 942 18.7841
 943 19.39
 944 20.0395
 945 20.5758
 946 20.7824
 947 20.4419
 948 19.3979
 949 17.919
 950 16.4553
 951 15.4576
 952 15.2675
 953 15.6408
 954 16.1366
 955 16.3142
 956 15.843
 957 14.8445
 958 13.556
 959 12.2147
 960 10.9958
 961 9.88604
 962 8.83663
 963 7.79899
 964 6.74791
 965 5.71
 966 4.71878
 967 3.8079
 968 3.0181
 969 2.4015
 970 2.01127
 971 1.89717
 972 2.00664
 973 2.16885
 974 2.20638
 975 1.95101
 976 1.38431
 977 0.610192
 978 -0.263901
 979 -1.13248
 980 -1.90924
 981 -2.51861
 982 -2.88517
 983 -2.96096
 984 -2.86273
 985 -2.76821
 986 -2.85524
 987 -3.23484
 988 -3.76853
 989 -4.2596
 990 -4.51179
 991 -4.42893
 992 -4.14549
 993 -3.82829
 994 -3.64282
 995 -3.68828
 996 -3.96824
 997 -4.4788
 998 -5.2097
 999 -6.02762
 1000 -6.68804
 1001 -6.94244
 1002 -6.5773
 1003 -5.70869
 1004 -4.63358
 1005 -3.65079
 1006 -3.02312
 1007 -2.82971
 1008 -3.09136
 1009 -3.82872
 1010 -4.95605
 1011 -6.09056
 1012 -6.79799
 1013 -6.64974
 1014 -5.56258
 1015 -3.99233
 1016 -2.4416
 1017 -1.38805
 1018 -0.84414
 1019 -0.410826
 1020 0.325122
 1021 1.72913
 1022 3.77713
 1023 6.25531
 1024 8.94859
