1865
1879
1860
1855
1870
1864
1873
1861
1870
0
1881
0
1873
1876
1863
0
0
1853
1853
1847
1844
1848
0
1849
0
1844
1865
1859
1871
0
1870
0
1878
1877
1874
1876
1872
1883
0
1884
1875
1880
1878
1878
1882
1866
1888
1897
1901
1916
1928
1905
1933
1966
0
1966
1958
1954
1949
1950
1962
1949
0
1887
1878
0
1871
1871
1874
1864
1862
1867
1869
0
1892
1896
1901
1891
1894
1887
0
1881
1859
1844
1838
1815
1792
0
1798
1803
0
1811
0
1823
1823
1821
1822
1817
1827
1839
1841
1855
1853
0
1846
1844
1853
0
1853
1857
1848
0
1851
1860
1867
1872
1878
1874
1874
1878
1885
1884
0
1880
1881
1890
1877
1897
1875
1872
1882
1888
1894
1900
1896
1910
1914
1924
1938
1933
1966
0
1965
1960
1959
1952
1962
1949
1918
0
1889
1881
1875
1869
1866
0
1868
0
1859
1884
0
1897
1891
1892
0
1887
1877
1866
1851
1841
1828
1816
1795
1783
0
1792
1799
1815
1821
1824
1819
1820
1825
1828
1819
1830
1827
1823
0
1806
0
0
0
0
0
0
0
0
0
0
0
0
1869
1883
1881
1885
0
1891
1883
1885
1881
1900
1890
1869
1883
1876
1891
1883
1901
1904
1907
1908
1919
1925
1969
1931
1927
1970
1969
1962
1959
1956
1963
0
1960
1917
1894
1871
0
1870
1870
1863
0
1875
1879
1882
1889
1886
1894
0
1888
1893
1879
1861
1848
1841
1822
0
1808
0
1785
1797
1800
1821
1821
1821
1820
1823
1814
0
1833
1837
1836
1814
1805
1803
0
0
0
0
0
0
0
0
0
0
0
0
0
0
1799
1811
1807
1801
1804
1816
0
1802
1799
1792
0
1790
1788
1886
1893
1906
1915
1915
1928
1904
1939
1940
1946
1931
1974
0
1964
0
1973
1967
1965
1927
1897
1877
1866
1874
0
1869
1871
1878
1878
1881
1891
0
0
1898
1888
1870
1862
1858
1845
1834
0
1810
1789
1791
1789
1807
1812
1825
1820
1823
1821
1828
1818
1828
1835
0
1828
1809
1801
1799
0
0
0
0
0
0
0
0
0
0
0
0
0
0
1802
1806
1801
1808
1809
1804
1808
1800
1793
1792
1783
1783
1788
1780
1791
1794
1786
1789
1794
1799
0
1798
0
1813
1811
0
0
1799
0
1970
0
1943
0
1877
1881
0
1875
1888
1883
1880
1881
1890
1893
0
1898
1891
1879
1870
1862
1853
0
1843
1827
1808
1787
1792
1797
1807
1817
0
1813
1825
1825
1833
1821
1833
1828
1828
1821
1820
1808
1804
0
0
0
0
0
0
0
0
0
0
0
0
0
0
1800
0
1798
1799
1806
1802
1792
1795
1797
1795
1793
1776
1787
1792
1783
1790
1791
1800
1785
1796
1790
1796
0
0
0
1801
1798
1795
1800
1798
1798
1798
0
1796
1791
1791
1798
1798
1798
1805
1800
0
1808
1893
1893
0
1886
1866
1866
0
1853
1839
1822
1795
0
1794
1803
1810
1808
1819
1820
1827
1830
1822
1829
1823
1825
1825
1818
1809
1813
1804
0
0
0
0
0
0
0
0
0
0
0
0
0
0
1797
1803
1799
1793
1785
1781
1790
1793
1791
1791
1794
1791
1783
1788
0
1783
1786
1798
1789
1793
1794
1783
1805
1803
1799
0
1793
1794
1799
1799
1796
0
1798
1790
0
1790
1784
1798
0
1797
1792
1800
1783
0
1797
1803
1797
1800
1795
1812
1816
1820
1824
1821
1816
1815
1811
1814
0
1817
0
1819
1825
1829
0
1830
1838
1820
1815
1818
1808
1813
0
0
0
0
0
0
0
0
0
0
0
0
0
1793
1805
1804
1800
1792
1793
1792
1789
1792
1813
1809
1803
1784
1786
0
1783
1787
0
1790
1783
1787
1792
0
1797
1793
1805
1798
1795
0
1798
1800
1798
1793
1793
1789
1783
0
1786
1788
1801
1799
1799
1795
1797
1795
0
1800
0
1799
1799
1800
1815
0
1827
1821
1816
1811
1815
1813
1803
1810
1813
1808
0
0
0
0
0
0
0
0
0
0
0
0
0
0
0
0
0
0
0
0
0
0
0
1790
1787
1800
0
1800
1807
1801
1795
1800
1809
1811
1820
1798
1800
1783
1787
1792
1784
1790
1794
0
1792
1790
1789
1792
1799
1797
1789
1790
1789
0
1797
1793
1793
1795
1785
1786
1788
0
1790
1790
1800
1798
0
1788
1795
1806
1800
1806
1815
1813
0
1823
1827
1823
1815
1823
1812
1816
1805
1806
1807
1808
0
0
0
0
0
0
0
0
0
0
0
0
1807
1809
0
1807
1809
1809
1800
1805
0
1805
1801
1803
1809
1810
1795
1810
1803
0
1801
1793
1802
1825
0
1804
1800
1797
1800
1792
1790
1789
1790
1789
1790
0
1782
1789
1792
1792
1787
1789
1792
1782
0
1795
1789
1787
1784
1792
1793
1789
1788
0
0
1801
1798
1798
1809
1802
1797
1808
1818
1823
1819
1823
1824
1830
1821
1821
1823
1817
1813
1814
1804
0
0
0
0
0
0
0
0
0
0
0
0
1809
1809
1800
1801
1800
0
1796
1801
1801
1793
1798
1798
1800
1803
1812
1819
1812
1814
1814
0
1822
1839
1834
1821
1819
1813
0
1801
1804
1809
1794
1794
1791
1789
1797
1791
0
1794
1785
1791
1794
1784
1791
1790
1787
1794
0
0
1790
1787
1795
1793
1803
1801
0
1801
1808
1812
1815
1815
1821
1816
1826
1826
1831
1824
1835
1823
1820
1818
1814
1811
1814
1811
0
0
0
0
0
0
0
0
0
0
0
1795
1793
1796
1790
1785
1793
1786
1793
1785
1785
1792
1795
0
1788
1798
1802
0
1801
1805
1821
1817
0
1833
1828
1830
1829
0
1800
1798
0
1806
1803
1805
0
0
0
0
0
0
0
0
1819
0
1814
1819
1824
1791
0
1789
1792
1802
1800
1799
1800
1813
1807
1806
1808
1818
0
1812
0
1825
1825
1836
1836
1835
1821
1812
1818
1814
1811
1803
1799
1806
0
0
0
0
0
0
0
0
0
0
1798
1793
0
1790
1780
1780
1785
1790
1793
0
1795
1798
1798
1803
1793
1798
1795
1805
1809
1807
1814
0
1823
1824
0
1842
1824
1816
1809
0
1800
1809
0
1808
1811
1814
0
0
0
0
0
0
0
1821
1818
0
1814
1819
1827
0
1833
1846
1840
1837
1798
1821
1816
1809
1789
1806
1810
1812
1822
1821
1830
1823
1833
1831
1823
1819
1822
1820
1816
1808
1794
0
0
0
0
0
0
0
0
0
0
0
1788
1791
1789
1780
1779
0
1783
1785
1785
1787
1785
1780
1795
1789
1794
0
1794
1798
1800
1802
0
1803
1814
1819
1829
1826
1824
0
1824
1809
1806
0
1811
1814
1812
1812
1819
0
0
0
0
0
0
0
0
1823
1817
0
1822
1826
0
1831
1854
1826
1831
1838
1797
1812
1816
1814
1808
1792
1803
1798
1798
1801
1797
1799
1802
1811
1814
0
1820
1834
1876
1938
1932
0
0
0
0
0
0
0
0
1796
1794
1790
1783
1785
1780
1785
0
1790
1791
1787
1790
0
1791
1798
1791
1795
1785
0
1801
1790
1785
0
1809
1811
1823
1818
0
1828
1826
0
1814
1820
1808
0
1803
1817
1814
1819
1821
0
0
0
0
0
0
0
1814
1821
1824
0
1832
1852
0
1828
1819
1837
1823
1819
1811
1797
1817
1804
1793
1802
1796
1800
1791
1797
1797
1803
1814
1810
1823
1806
1848
1890
1889
1919
1821
1996
0
1958
1948
1931
1944
1942
0
1943
1932
0
0
1949
1786
1786
1798
1779
1788
1793
1796
1798
1789
1794
1789
1791
1796
1788
0
1795
1802
0
1811
1814
1824
1828
0
1821
1823
0
1828
1817
0
1807
1808
1809
0
1823
0
0
0
0
0
0
1816
0
1814
1829
0
1842
1831
1842
1837
1804
1840
1804
1822
1819
1811
1809
1810
1794
1803
1799
0
1797
1800
1803
1805
1812
1818
1822
1856
1855
0
1896
2018
2010
1973
1958
0
1937
1940
1949
0
1954
1946
1930
1930
1946
1963
0
1966
1956
1953
1935
0
1938
1921
1915
1916
1913
1907
0
1910
1793
1796
1797
1804
1804
1818
1823
1824
1819
0
1818
0
1822
1815
1803
0
1813
1826
0
1844
0
0
0
0
0
0
1808
1817
0
1845
1860
1811
1838
1830
1836
1832
1825
1822
1821
1794
1812
1802
1790
1794
1792
1799
1798
1796
1800
1806
1802
1793
1815
1824
1829
1869
0
2003
2022
2004
1985
0
1951
1949
0
1953
1951
0
1946
1935
1940
1953
0
1960
1971
1958
1942
1946
1946
0
1932
0
0
0
1918
1901
0
1901
1894
1899
1904
0
1913
1920
1923
1920
1920
0
1903
1883
1878
1806
1814
0
1848
1857
1848
0
0
0
0
0
0
1821
1832
1850
0
1829
1841
1846
1821
1839
1829
1822
1819
1813
1804
1801
1804
1797
1799
1794
1795
1796
1801
1808
1802
1811
0
1817
1799
1879
1963
1990
0
2015
1998
1977
1969
0
1941
1953
1956
1951
1946
0
1942
0
1953
1958
0
1966
1961
1963
1961
0
0
1922
1920
1915
1918
1913
1910
1907
1900
0
1905
1907
1910
1915
1920
1916
1902
1902
1885
1870
1875
1870
1881
1881
1888
1892
1861
1881
1860
1864
1863
1863
1863
1856
1860
1876
1841
1836
1823
1844
1845
1823
1830
1834
1818
1819
1813
1797
1801
1794
1792
0
1793
1812
1802
1798
1806
1800
1812
1797
1840
1848
1907
1935
2003
2019
0
1999
1994
1971
1969
1977
0
1958
1973
1956
0
1940
1935
1949
1943
1958
1963
0
0
1948
1931
1918
0
1915
0
1928
1915
1911
1918
1907
1905
1904
1918
1901
1907
1897
1902
1902
1883
1881
1879
1878
1875
1885
1888
1898
1871
1862
1858
1864
1863
1873
1853
1882
1864
1863
1866
0
1860
1875
1854
1851
1867
1854
1858
1847
0
1854
1853
1852
0
1801
1804
1794
1804
1800
1809
1807
1803
1823
1820
0
1858
1884
1963
2003
2033
2011
0
1988
1993
1981
0
1977
2005
2002
1953
1949
0
1938
1941
1933
0
0
1971
1971
1949
1944
1940
1930
0
1923
1900
0
1915
1902
1915
1914
1907
1907
1893
1907
1899
1886
1878
1876
1875
1882
1884
1876
1883
0
1854
1856
1868
1856
0
1861
1863
1853
1864
1874
1862
1860
1857
1865
1858
1875
1856
1860
1845
1877
1850
0
1851
1864
1851
0
1860
1873
1872
0
1868
1883
1880
1887
0
1892
1904
1912
0
1907
2019
2022
2011
0
2012
2014
1999
2037
2036
0
1978
1957
1946
1931
1929
0
1953
1964
1968
1958
0
1949
1938
1933
1928
0
1933
1926
1918
1932
1918
1914
1917
1915
1909
1907
1904
1885
1890
1878
1885
1880
1885
1886
1886
0
1859
0
1856
1856
1857
1863
1877
1865
1881
1858
0
1853
1872
1865
1876
1860
1859
1861
1865
1867
0
1851
1862
0
1860
1860
1867
0
1870
1879
1880
0
1883
1890
1904
0
1893
1924
1925
1923
1933
0
1933
1928
1919
1920
1909
1930
1883
1934
1892
1895
1898
1927
1853
0
1929
1941
1947
1951
1949
1949
0
1951
1952
1936
1937
1927
1931
1924
0
1927
1922
1915
1921
1916
1905
1899
1884
1880
1878
1885
1886
1881
1892
1894
1840
1859
1858
0
1857
1873
1860
0
1868
1868
1873
1869
1870
1887
1838
1873
1891
1842
1893
1863
1866
1852
0
1858
0
1858
1867
1874
1873
1868
1878
1878
1883
0
1907
1918
1944
0
1938
1942
1949
1939
1937
0
1931
1923
1915
1912
1899
1894
1952
1883
1964
1837
1918
1920
1939
1946
1978
1975
1991
2166
2014
1992
1987
1956
1965
1930
1888
1895
1931
1929
1925
1924
1922
1922
1914
1899
1900
1886
1894
1876
1885
1883
1891
1886
1870
1842
1871
1862
1861
1860
1848
1858
1864
1883
1848
1884
1876
1866
1872
1901
1875
1893
1875
1870
1892
1865
1863
1860
1863
1864
1867
1873
0
1881
0
1881
1898
1911
0
1918
1939
1948
1956
1956
0
1956
1948
1938
0
1928
1944
1921
1952
1911
1897
1905
1914
1987
1997
1939
1956
1970
1978
2103
1992
2004
2014
1991
1977
1955
1914
1928
1901
1914
1963
1894
1895
1893
1881
1806
1878
1867
1866
1864
1897
1897
0
0
1877
1896
1865
1859
1851
1863
1881
1861
1868
1862
0
1868
1870
1871
1870
0
1873
1869
1874
1882
1887
1912
1874
1889
1860
0
1860
0
1860
1871
1880
0
1878
1903
1911
0
1920
1950
1958
0
1954
1954
1956
1963
0
1951
1937
1939
1931
1952
1912
1911
1903
1912
1910
1941
1916
1930
1947
2095
1969
1950
1988
2002
2002
1980
0
1952
1922
1919
1920
1852
1903
1894
1897
1814
1894
1863
1882
1875
1869
1858
1877
1869
1902
0
0
1864
0
1821
1825
1841
1821
1825
1821
1830
1839
1826
1809
0
1801
1792
1878
1878
1844
1875
1903
1890
1865
1871
1872
1857
0
1867
1873
0
1885
1885
1897
0
1923
1930
1962
0
1968
1956
1966
0
1956
0
1965
0
1954
1951
1933
1919
1918
1964
1897
1980
1919
1917
1917
1847
1984
1954
1943
1855
1999
1870
2007
0
1946
1896
1923
1916
1985
1915
1901
1889
1820
1955
1886
1863
1800
1951
1879
1880
1860
1830
1871
1900
1882
1874
1831
1818
1828
1829
1831
0
1826
1823
1831
1835
1823
1805
0
1797
1797
1787
1795
1790
1790
1785
1788
0
0
0
0
0
0
0
1786
1893
1898
1920
0
1930
1967
1984
0
1976
2004
1977
0
1975
1965
1963
1963
1928
1967
1925
1935
1920
1985
1924
1973
1918
1918
1906
1906
1931
1925
1937
1848
2056
1976
1993
1946
1931
1952
1867
1914
1915
1843
1892
1882
1801
1885
1885
1860
1888
1892
1828
1858
1919
1868
1860
1846
0
1851
1835
1841
0
1835
1831
1826
1831
1828
1826
1821
1814
1808
1813
1800
1797
1791
1787
1790
1788
1783
1785
0
0
0
0
0
0
1783
1785
1781
1790
1799
1796
1793
1809
1804
1820
1818
0
1815
1805
1796
0
0
1946
1939
1930
1964
1921
1946
1925
1922
1918
1903
1951
1894
1913
1921
1917
1924
1938
1946
1949
1927
1920
1912
1913
1862
1907
1891
1935
1880
1873
1871
1874
1884
1817
1902
1899
1885
1859
1874
1860
1841
1870
1850
0
1853
1843
1839
1834
1841
1837
1832
1831
1820
1816
1806
1806
1795
1810
1793
1798
1790
1792
1791
0
0
0
0
0
0
1792
1791
1784
1785
1789
1776
1790
1794
1807
1815
1817
1813
1816
1807
0
1807
1804
1790
1789
0
1787
1792
0
1794
1804
1813
1805
1789
1797
1797
1799
1797
1970
1916
1912
1923
1930
1951
1912
1869
1900
1904
1885
1884
1873
1871
1872
1873
1880
1814
1893
1826
1904
1967
1858
1870
1861
1892
1802
1847
1869
1854
1849
1851
1844
1838
1836
0
1832
1827
1823
1806
1808
0
1796
1796
1797
1800
1793
1790
1788
0
0
0
0
0
1784
1784
1789
0
1781
1789
1789
1801
0
1805
1813
1821
1818
1813
1815
1816
1821
1804
1794
1795
1797
1800
1802
1811
0
0
0
1797
1792
1799
1795
1795
1792
0
1785
1783
0
1780
1778
1787
1781
1792
1785
1788
1783
1799
1789
1807
1880
1883
1900
1905
1905
1902
1855
1875
1805
1865
1842
1847
1838
1859
1852
1850
1850
1854
1836
1835
1833
1828
1823
1822
1808
1799
1795
1797
1804
1803
1808
1794
1780
0
0
0
0
0
1781
1781
1786
1780
1779
1779
1781
1796
1805
1818
1818
1807
1807
1807
1811
1816
1823
1821
1798
1796
1791
1801
1803
0
0
1819
1805
1796
1793
1795
1793
1790
1797
1790
1782
0
1785
1792
1782
1786
1781
1784
1786
1785
1792
1793
1788
1792
1807
1820
1824
1810
1806
1806
1798
1792
1806
1800
1809
1832
1866
0
1825
1869
1858
0
1853
1845
0
1839
1824
1828
1819
1812
1800
1802
1805
1799
1798
1790
1794
0
0
0
0
0
1776
1779
1787
1782
1777
1781
0
1797
1804
1816
1811
1813
1816
1811
1807
1814
1822
1822
1804
1796
1798
1809
0
1809
1817
1816
1801
0
1794
1791
1788
1794
1790
1791
1790
1784
1792
1777
0
1777
1790
1775
1785
1787
1791
1790
1787
1788
1815
1857
1871
1834
1817
1853
1828
1819
1797
1803
1885
1940
2008
0
0
1988
1935
1918
0
1900
1862
1854
1847
1834
1837
1828
1831
1829
1824
1800
1790
1792
1792
0
0
0
0
0
1780
1779
1774
1778
1781
1771
1785
1792
1795
1798
1807
1806
1799
0
1819
1834
1828
0
1821
1811
1808
0
1809
1803
1814
1811
1800
1801
1790
1800
1796
0
1791
1788
1778
1783
1785
1783
1790
1795
0
1783
1789
1788
1793
1794
1805
1823
1836
1925
1945
1927
1878
1966
1919
1875
1861
1864
2050
2135
0
0
2150
2081
2081
2106
2050
1988
1967
1987
1966
1896
1889
1984
1884
1879
1877
1856
1861
1891
0
1904
1935
1953
1882
1908
0
1860
1896
0
1853
1887
1789
1785
1803
1804
1809
1803
1813
1823
1824
1832
1827
1815
1813
0
1812
1804
1810
1810
1806
1812
1801
1796
1792
1792
1787
0
1788
1791
1790
1786
1791
1793
1790
1786
1789
1805
1802
1802
1798
1824
0
1852
1939
2012
0
2046
2094
2120
2087
2065
2037
2044
2239
2292
0
0
2246
2237
2206
2147
2080
2073
2117
2125
2104
2023
2022
2079
1972
1973
1955
1943
1976
2054
1968
2042
2100
0
1963
2008
2019
2016
2088
1947
2003
0
1920
1932
1867
0
1839
1878
1869
0
0
0
0
0
0
0
1855
1810
0
1803
1796
1803
1801
1804
1796
1798
1804
1792
1774
1789
0
1793
1793
1798
1788
1786
1804
1824
1810
1810
1808
0
1866
1933
1980
2039
2139
2162
2292
2283
2252
2240
2246
2280
2327
2315
0
2310
2302
2292
2267
2219
2162
2135
2150
2160
0
2141
2125
2160
2117
2054
0
2041
2056
2102
2097
2146
2192
2121
2156
2201
0
2152
2235
2161
2223
2059
2100
0
2011
1907
1982
0
1938
1926
1995
0
0
0
0
0
0
1880
0
1865
1855
1857
0
1840
1839
1831
1832
1843
1846
0
1838
1847
1791
0
1801
1798
1819
1827
1809
1808
1820
1827
1879
1948
2009
2051
2191
2277
2372
2354
2331
2313
2336
2349
2322
2301
2310
2320
2310
2282
2273
2247
2207
2184
2177
2209
2222
2194
2214
2252
2267
2193
2214
2209
2217
2269
2174
2214
2248
2222
2258
2293
2265
2328
0
2319
2353
2260
2305
2161
2234
2138
0
2084
2114
2142
0
2084
0
0
0
0
0
0
1923
1892
0
1881
1850
1840
1838
0
1848
0
1864
1855
1856
1861
1857
1856
1846
1842
1835
1828
1816
1822
1830
1849
1882
1848
1857
1839
0
2344
2394
2354
2338
2346
2354
2316
2291
2284
2289
2298
2281
0
0
0
0
0
0
0
0
0
0
0
0
2284
2300
2311
2322
0
2307
2309
2338
2297
2331
2357
2344
2393
2387
2410
0
2368
2375
2333
0
2274
2249
2274
0
2266
2234
0
2163
0
0
0
0
0
0
1996
1971
1893
0
1852
1839
1849
1859
1859
1854
1837
1861
1867
1856
1858
1843
1834
1833
1825
1820
1827
1828
1857
1855
1853
1862
1830
1826
1818
0
1830
0
1837
1844
1835
1829
1815
1810
0
1805
1801
1807
1810
0
0
0
0
0
0
0
0
0
0
0
0
0
2367
2397
2410
0
2381
2419
0
2369
2401
2426
2438
2416
2385
2365
2308
2324
2265
2286
0
2307
2312
0
2279
2208
2258
0
0
0
0
0
2098
0
1973
1879
1860
1842
0
1852
1855
1843
1838
1851
1873
1864
1852
1851
1842
1835
1828
1826
1823
1829
1830
1859
1828
1847
1821
1827
1826
1822
1827
1841
0
1835
0
1831
1820
1815
1806
1806
0
1807
1809
1809
1815
1830
1825
1820
1817
1821
1819
1816
1804
1818
1811
1815
1814
1815
0
0
2431
2477
2457
2439
0
2435
2455
2401
0
2362
2317
2253
0
2255
2298
2352
2351
2353
2325
2284
0
2302
0
0
0
0
0
2069
1951
1868
0
1855
1848
1856
1849
1844
1856
1856
1874
1856
1856
1848
1837
1832
1833
1822
1822
1819
1825
1864
1883
1829
1825
0
1828
1824
1832
1837
1833
1832
1827
0
1825
1816
1817
1810
1808
1808
0
1824
1829
1830
1820
1831
1826
1826
1814
1820
1815
1820
1813
1801
1811
1821
1816
1817
1810
1812
1853
1871
1877
1902
1903
1890
1892
1946
0
1958
1954
2301
2313
0
2384
2381
0
2337
2307
0
2269
0
0
0
0
0
1918
1879
1856
1855
1846
0
1849
1849
1852
1884
1864
1863
1850
1840
1830
1825
1826
1829
1821
1813
1822
1855
1829
1827
1824
1830
1822
0
1824
0
1837
1839
1824
1817
1822
0
1819
0
1814
1832
1838
1833
1844
1826
1829
1823
1818
1825
1833
1823
1819
1814
1813
1811
1815
1808
1807
1809
1823
1812
1829
1845
1869
1822
1888
1898
1886
1889
1952
1942
1944
1944
1943
1940
1937
1912
1942
0
1936
1934
1947
1957
1951
1960
1952
0
0
1885
1860
0
1840
1837
1847
1844
1847
1860
1856
1845
1838
1837
1831
1821
1829
1828
1818
1826
1827
1829
1833
1837
1825
1831
1825
1828
1825
1822
0
1823
1828
1823
1823
1813
0
1820
1844
1846
1822
1839
1833
1832
1833
1818
1822
1821
1823
1838
1818
1816
1813
1807
1803
1811
1810
1814
1818
1822
1832
1842
1836
1855
1867
1874
0
1868
1905
1949
0
1939
1939
1950
1964
0
1906
1936
1932
1939
0
1939
1955
0
1953
1953
1946
1931
0
1928
1931
0
1918
1926
1921
1910
1919
1921
1878
1959
1913
1821
1829
1837
1827
1831
1837
1834
1835
1835
1839
0
1828
0
1819
1823
1819
1824
1832
1830
0
1829
1828
1828
1813
1848
1836
1837
1831
1826
1829
1842
1826
1829
1823
1823
1816
1824
1823
1817
1809
1813
1808
1815
1817
1807
1814
1817
1815
1831
1888
1848
1871
1880
1947
1889
1944
0
1943
1943
1938
0
0
1908
0
1919
1943
1934
0
1949
1950
1941
0
1935
1927
0
1934
1928
1947
1936
1941
1934
1905
1929
1929
1926
1924
1883
1979
1929
1928
1880
1973
1932
1933
1946
1946
1949
1952
1947
1941
1962
1818
1832
1831
1827
1839
1838
1825
1825
1830
1828
1828
1848
1837
1827
1825
1826
1821
1820
1836
1828
1819
1820
1814
1814
1820
1811
1811
1807
1813
1811
1810
1812
1820
1829
1799
1840
1861
1875
1877
1876
1884
1904
0
1934
0
0
0
0
1912
1922
1936
0
1936
1945
1939
1946
1941
1947
1940
1929
1932
1934
1916
1954
1916
1953
1936
1934
1938
1892
1936
1933
1882
1938
1939
1976
1889
1973
1930
1984
1924
1957
1966
1967
1983
1962
1958
1953
0
1960
1960
1967
1955
1974
1945
2023
2140
2164
2129
2126
0
1826
1823
1828
1817
1826
1820
1816
1820
1808
1804
1820
1816
1811
1810
1808
1813
1813
1807
1811
1821
1838
1912
1804
1868
1870
1879
1940
1876
1933
0
0
0
0
1917
1909
1919
1927
1922
1922
0
1928
1937
1942
1933
0
1932
1939
1956
1954
1926
1957
1955
1918
1954
1945
1901
1949
1942
1946
1939
1902
1958
1955
1957
1916
1978
1962
1984
1957
1960
1971
1955
1961
1963
1966
1966
1967
1983
1970
1975
1975
1928
2168
2159
0
2092
2085
2064
2062
2019
2009
2030
0
1993
1983
1948
1878
1899
1861
1875
1890
1811
1812
1812
1813
1823
1822
1838
1852
1849
1908
1869
1870
1934
1825
0
0
0
0
0
0
1906
1914
0
1922
1926
1916
1934
0
1932
1931
0
1929
1994
1962
1988
1937
1951
1961
1920
1954
1955
1946
1947
1915
1955
1951
1905
1958
1970
1971
0
1976
1975
1980
1970
1974
1964
1984
1974
1973
1945
1980
1966
1972
1963
1987
2089
2056
2123
2113
2095
0
2070
0
2032
2008
2009
2021
2004
0
1965
1938
1885
1889
1885
1843
1856
1862
1895
1855
1844
1838
1788
1854
1794
1842
1881
1842
1795
1841
1841
0
0
0
0
0
0
1905
1917
1910
1916
0
1911
1925
0
1924
1931
1934
1998
1996
1975
1968
1939
1994
1964
1945
1958
1960
1945
1961
1907
1962
1965
1931
1970
1972
1974
1982
1982
1977
1966
1965
1965
1958
1948
1918
1973
1892
1951
1900
1992
1904
1980
1994
0
2094
2093
2095
2065
2042
1990
1992
1976
2003
0
1994
0
1964
1900
1876
1841
1871
1860
1852
1805
1847
1848
1842
1845
1854
1851
1812
1837
1842
1841
1797
1855
1800
1838
1854
1820
1812
1808
1808
1806
1807
1813
1811
1807
1808
1809
1808
1914
0
0
2005
0
2002
1933
1954
1961
0
1972
1970
1921
1966
1984
1960
1970
1985
1979
1976
1976
1975
1974
1959
1957
1960
1977
1924
1946
1960
2057
1982
1992
1954
1963
2105
1990
2005
1981
2093
0
2084
0
1997
0
1961
1965
1960
1993
1974
1974
1953
1887
1834
1860
1872
1854
1848
1843
1789
1836
1878
1962
1863
1934
1983
1897
1799
1844
1838
1835
1840
1863
1840
1841
1815
1804
1801
1802
1808
1804
1810
1813
1804
1809
1807
1803
1811
1823
1836
1831
1838
1792
1846
1855
1863
1803
1859
1864
1871
1852
1986
1984
1940
1999
1985
1977
1977
1969
1957
1953
1949
1949
1973
1942
1949
1968
1996
2002
2002
2113
1960
1944
2004
1975
2094
2101
2084
2040
1985
1959
1942
1946
0
1951
0
1944
1931
1880
1899
1871
1819
1841
1845
1841
1846
1865
1863
1985
2079
2096
2144
1995
2001
1890
1832
1793
1836
1837
1833
1828
1818
1804
1812
1803
1819
1823
1814
1808
0
1806
1806
1806
1810
1816
1822
1792
1832
1832
1879
1851
1812
1862
1852
1907
1850
1858
1852
1860
1843
1827
1812
1808
1800
1805
1814
1830
1838
1856
1875
1833
1801
1941
1983
1983
1992
1859
1987
1961
1862
1970
1848
2092
0
2030
0
1950
0
1946
1946
1948
1934
1939
0
1926
1853
1816
1867
1862
1850
1833
1852
1846
1937
2012
2082
2142
2161
2130
2027
1866
1856
1833
1845
1820
1836
1825
1827
1816
1812
1810
0
1816
1814
1808
1812
1815
1806
1810
1815
1822
0
1820
1832
1831
1844
1844
1841
1881
1850
1844
1856
1854
1848
1843
1836
1821
1805
1803
1800
1803
1833
1827
1839
1849
1841
1818
1806
1816
1863
1944
2102
2207
2353
2374
2349
2372
2290
2181
2111
2216
2307
2376
1940
1940
1953
0
1952
0
1939
1946
1873
1870
1864
1812
1856
1844
1853
1876
1893
1901
1996
2013
1947
2002
1978
1896
1810
1855
1815
1845
1840
1840
0
1823
1806
1816
1809
1819
1813
1810
1817
1814
1810
1806
1813
1809
1806
1823
1801
1830
1838
1810
1846
1848
1854
1860
1858
1848
1836
1845
1831
1818
1798
1801
1804
1810
1807
1832
1851
1833
1826
1817
1805
1822
1910
2082
2209
2287
2374
2418
2410
2470
2418
2307
2203
2277
2348
2422
2447
2468
2483
2472
2501
2554
2557
2543
2508
0
2446
2466
2456
2446
2437
1851
1825
1859
1889
1870
1836
1851
1887
1861
1845
1852
1848
1810
1886
1855
1833
1825
1815
1818
1814
1816
1821
1820
1816
1821
1804
1812
1813
1812
1806
1816
1821
1820
1812
1843
1868
1845
1833
1859
1863
1880
1851
1836
1835
1822
1809
1810
1816
1829
1841
1826
1846
1843
1824
1827
1814
1847
1906
2086
2222
2321
2420
2453
2473
2506
2474
2414
2299
2368
2387
2455
2489
2516
2519
2517
2545
2585
2588
2580
2575
0
2512
2524
2514
2505
2468
2461
2417
2416
2364
2326
2348
2311
2288
2246
2167
2168
2153
2168
2167
2146
1846
1821
1824
1822
1821
1816
0
1815
1814
1815
1806
1809
1813
1812
1809
1815
1818
1804
1841
1808
1839
1844
1848
1870
1886
1867
1857
1834
1822
1814
1810
1810
1844
1844
1861
1840
1884
1842
1862
1850
1865
1896
1967
2084
2201
2335
2444
2488
2524
2532
2494
0
2422
2435
0
2474
2518
2551
2568
2581
2586
2606
2613
2601
2601
2565
2569
2555
2560
0
2510
2491
2427
2364
2292
2278
2321
2336
2309
0
2142
2117
2138
2177
2158
2102
2095
2130
2144
2123
2108
2148
2183
2151
2112
2096
2065
0
2053
2076
2116
1817
1832
1802
0
1830
1833
1844
1858
1886
1909
1878
1850
1843
1823
1819
1809
1811
1826
1842
1868
1886
1866
1854
1855
1870
1917
1927
1956
2056
2223
2350
2505
2537
2566
2551
2523
2494
2444
2513
2512
2539
2561
2579
0
2603
2609
2609
2596
2599
2601
2604
2596
2591
2584
2549
2519
2465
0
2341
2272
2284
2304
2325
2301
2229
2145
2115
2136
2145
2125
2031
2026
2056
2104
2097
2096
2127
2144
2132
2120
2099
2077
2061
2076
2101
2120
2157
2158
2130
2160
2152
2165
2198
0
2215
2171
2227
2270
2324
2317
2346
1817
1828
1844
1871
1891
1918
1892
1851
1850
1890
1942
1975
2021
2146
2231
2337
2489
2538
2551
2563
2556
2542
2532
2544
2544
2555
2572
2595
2608
2622
2593
0
2575
2558
2570
2606
2609
2601
2572
2570
2546
2504
2382
2343
0
0
2317
0
2290
0
2171
2127
2140
2100
2044
1911
1979
1990
2047
2088
2102
2130
2134
2137
2131
2118
2120
2102
2093
0
2132
2183
2172
2137
2112
2114
2129
2150
2193
2170
2180
2196
2255
2329
2360
2360
2370
2400
2444
2460
2472
2470
2428
2418
2397
2414
2431
2417
0
0
0
2441
2372
2487
0
2552
2548
2530
2542
2558
2563
2574
2592
2612
2617
2609
2594
2573
2548
2548
0
2600
2600
2591
2548
2548
2553
2530
2457
2449
2358
2361
2363
2294
2246
2211
0
2157
2039
1943
1863
1888
1929
1968
2027
2066
2102
2116
2117
2126
2133
2148
2161
2153
2138
2140
2185
2196
2170
2134
0
2099
2117
2131
2160
2178
2234
2244
2306
0
2346
0
2404
2423
2443
0
2460
2470
2448
0
2428
2422
0
2434
2409
0
0
0
0
0
0
2473
2490
0
0
0
0
0
2457
2444
2380
2315
2600
2567
2531
0
2571
2594
0
2563
2525
2540
2545
2550
2518
2535
2457
2438
2393
2318
2207
2198
2200
2124
1983
1878
1857
1887
1915
1943
1996
2045
2074
2106
2131
2144
2143
2149
2164
2175
2184
2184
2192
2192
2159
0
2134
2136
2142
2162
2167
2183
2218
2297
2326
2334
2330
2363
2393
0
2431
2464
2462
0
2442
2460
0
2439
2439
2416
2386
2384
2384
0
0
0
0
2479
2476
2500
0
0
0
0
0
2466
2415
2334
0
2314
2317
2227
2183
2132
2099
2051
1990
1952
1919
1878
1858
1843
1828
2490
2317
2250
0
2137
2175
2112
1980
1881
1877
1884
1915
1975
2027
2055
2079
2111
2166
2179
2167
2172
2190
2187
2195
2212
2196
2212
2186
2168
2179
2170
2181
2197
2214
2246
0
2277
2312
2325
2335
0
2379
2403
2416
2448
2458
2455
0
2445
2450
2438
2424
0
2394
2368
2382
0
0
0
0
0
0
2492
2500
0
0
0
0
2438
2392
2366
2341
2361
2347
2278
2201
2132
2071
0
1971
1920
1893
1870
1853
1850
1866
1873
1871
1844
1834
1827
1821
1827
1824
1817
1825
1826
1827
1849
1825
1832
2118
2161
2177
2195
2190
2184
0
2195
2207
2217
2206
2189
2182
2177
0
2201
2212
2248
2235
2263
2280
2308
0
2318
2330
2353
2376
2384
2389
2446
2451
2442
2443
2421
2434
0
2441
2424
2384
0
2378
2406
0
0
0
0
0
2482
2497
0
0
0
0
2398
0
2366
2345
2341
2296
2227
2226
2133
2028
1997
1933
1900
1883
1883
1880
1879
1899
1900
1876
1852
1827
1820
1814
1818
1822
1830
1824
1822
1817
1829
1859
1826
1853
1829
1832
1844
1854
1842
1858
1831
1826
1821
1825
1822
1833
1816
1817
2222
2237
0
2261
2253
2300
2291
2308
2313
2343
2371
0
2387
2424
2475
2454
2451
2413
0
2422
2445
2450
0
2421
2406
2416
0
2424
0
0
0
0
0
2501
2498
0
0
0
0
2372
2349
2335
2304
2213
2133
2148
2094
2046
1986
1937
1891
1881
1877
1874
1897
1913
1902
1862
1827
1814
1818
1815
1820
1850
1826
1827
1824
1828
1833
1839
1843
1830
1843
1860
1847
1849
1835
1830
1824
1820
0
1820
1821
1823
1819
1829
1851
1817
1817
1818
1813
1812
1818
1809
1790
1809
1812
1801
1804
1808
1805
2465
2395
0
2402
2424
2419
2431
2439
2430
2446
2431
2447
2450
2472
0
0
0
0
2514
2490
0
0
0
0
2370
2384
2333
2317
2246
2090
2052
2021
2003
1954
1927
1897
1869
1864
1870
1872
1881
1880
1845
1817
1816
1813
1814
1817
1827
1831
1834
1832
1863
1830
1839
1844
1839
1831
1852
1867
1836
1834
1824
1813
1823
1819
1823
1822
1826
1828
1823
1824
1801
1815
1828
1787
1810
1800
1806
1804
1803
1817
1797
1799
1800
1803
1801
1797
1800
1794
1796
1798
1796
1799
1795
1799
1794
1790
1818
1816
1823
0
0
0
0
2519
2507
0
0
0
0
2400
2394
2299
2191
2091
2007
1958
1955
1930
1905
1888
1860
1853
1852
1844
1846
1850
1828
1814
1818
1812
1828
1826
1829
1832
1828
1833
1835
1853
1848
0
1842
1866
1861
1833
1829
1813
1819
1825
1835
1819
1820
1819
1822
1826
0
1819
1818
1801
1814
1808
1814
1791
1802
1802
1802
1808
1806
1800
1801
0
1796
1798
1794
1800
1791
1800
1795
1794
1792
1780
1798
1811
1811
1820
1807
1808
1808
0
1799
1797
1796
1797
0
0
1799
1792
1795
1807
0
1892
2019
2002
1961
1944
1922
1893
1868
1847
1833
1842
1837
1834
1817
1805
1804
1817
1823
1829
1841
1822
1861
1836
1842
1853
1854
1852
1853
1853
1835
0
1824
1824
1821
1819
1818
1825
1830
1821
1805
1825
1830
1819
1820
1816
1815
1811
1811
1803
0
1810
1804
1801
1807
1802
1802
1796
1800
1798
1793
1795
1790
1792
1793
1785
1789
1788
1791
1805
0
1813
1803
0
1799
1802
1797
1801
0
1798
1797
1792
1801
1799
1795
1803
0
1880
1898
1907
1784
1862
1860
1865
1871
1935
1933
0
1921
1930
1925
1930
1934
1813
1825
1832
1830
1831
1836
1840
1853
1810
1904
1855
1851
1819
1824
1826
1828
1824
1813
1830
1823
1816
0
1823
1818
1814
1816
1811
1817
1807
1813
1818
1793
1804
1806
1799
1807
1811
1795
1809
1801
1802
1785
1802
1794
1795
1793
1799
1783
1789
1786
1785
1800
1805
1813
0
1808
1795
1802
1799
0
1797
1792
0
1798
1799
1809
1797
0
1792
1869
1882
1893
1904
1658
1857
1856
1861
1865
0
1932
1931
1937
0
1934
1937
1932
0
1941
1921
0
1882
1877
1869
0
1880
0
1880
1874
1875
1882
1884
1829
1830
1826
1825
1826
1820
1816
1813
1806
1810
1813
1822
1813
1812
1816
1817
1810
1808
1808
1800
1805
1804
1813
1810
1802
1794
1803
1800
1794
1792
1788
1787
1788
1794
1788
1783
0
1795
1800
1800
1810
1788
0
1797
1802
1810
1802
1793
1800
1807
1806
1795
1799
1842
1828
1882
1883
1887
1778
1849
1785
1858
1853
1944
1934
0
1943
1925
0
1945
1931
1933
1927
0
1900
1880
0
1878
1880
1868
1886
1880
1883
1888
1884
1881
1886
0
1884
1876
0
1881
1871
1874
0
1842
1823
1824
1814
1815
1816
1818
1810
1806
1806
1804
1801
1800
1807
1812
1802
1798
1794
1784
1786
1787
1794
1789
1784
1727
1778
1798
1794
0
1802
1800
0
1802
1798
1808
1799
0
1807
1799
1809
1804
0
0
1820
1819
1821
1866
1873
0
1898
1780
1852
1924
1852
0
1949
1943
1943
0
1953
1949
0
1923
1903
1910
1890
1885
1867
0
1874
1885
1880
0
1886
1891
1890
0
1899
1887
0
1876
1878
1875
0
1859
1862
1843
1827
1819
1813
1813
1806
1804
1804
1795
1799
1797
1799
1794
1797
1793
1793
1791
1800
1799
1811
1808
1784
1790
1782
1793
1791
1803
1808
1804
0
1802
1811
1810
1803
1807
1807
1805
1810
1803
0
1805
1802
1825
1820
1815
1821
1860
1863
1882
1883
1710
1851
1854
1849
1957
1948
0
1955
1958
0
1963
1944
1902
0
1899
1881
1876
1874
1871
1885
0
1893
1888
1895
0
1882
1887
0
1893
1880
1883
1870
1867
1868
1865
0
1841
1835
1826
1823
1807
1800
1804
1800
1801
1798
1794
1793
1792
1795
1795
1795
1790
1791
1784
1786
1797
1791
1804
1790
1793
1800
1804
1819
1818
1822
1811
1811
1805
1801
1800
1807
1815
0
1814
1803
0
1816
1821
1825
1814
0
1851
1851
1871
1883
1639
1866
1848
1787
1847
1897
1898
1950
0
1964
1966
0
1931
1897
0
1891
1882
0
1877
0
1894
0
1890
1898
1896
0
1898
1891
1885
0
1876
1876
0
1866
1866
1856
0
1833
1832
1822
1820
1819
1790
1800
1802
1802
1800
1797
1795
1798
1795
1795
1789
1786
1800
1783
1796
1788
1793
1789
1805
1798
1808
1823
1820
1807
1810
1810
1809
1805
1800
1805
1804
1809
1810
1812
1832
1826
1863
1841
1858
1866
1840
1836
1847
1863
1870
1846
1854
1918
1896
1892
1955
1896
1895
1920
1895
1943
1908
0
1890
1882
0
1877
1883
1884
1885
1891
1898
0
1909
1892
1895
0
1883
1874
0
1892
1879
1863
1851
1833
1842
1825
1834
0
1819
1816
1819
1801
1802
1799
1798
1790
1800
1789
1792
1787
1790
1791
1783
1790
1787
1792
1792
1789
1803
1802
1808
1808
1816
1811
1812
0
1804
1803
1805
1796
1798
1802
1805
1808
1822
1822
1837
1830
1850
1853
1845
1851
1850
1872
1874
1871
0
1872
1864
1870
1876
1889
1944
2045
2064
2108
2156
2192
2238
2224
1874
1876
0
1883
1894
1892
0
1900
1898
0
1895
1888
0
1882
1881
1884
1874
0
1865
1848
0
1834
1826
1826
1826
1819
1819
1811
1806
1789
1801
1798
1797
1791
1803
1796
1792
1788
1782
1785
1783
1794
1787
1794
1805
1805
1806
1806
1808
1808
1811
1806
1808
1804
1805
1798
1800
1802
1804
1804
1819
1837
1845
1852
1841
1851
1845
1851
1865
1860
1890
1901
1878
1878
1875
1889
1889
1912
1968
2004
2052
2126
0
2211
2251
2255
2242
2212
2201
2165
2195
2232
2257
2297
2334
2390
2458
2462
2466
2475
2485
1886
1885
1876
1869
1852
1838
1841
1828
0
1818
1813
1822
1813
0
1814
1798
1783
1790
1787
1790
1794
1795
1793
1792
1792
1786
1788
1794
1797
1798
1798
1804
1814
1809
1811
1810
1810
1803
1802
1801
1805
1803
1800
1804
1806
1809
1838
1852
1867
1829
1840
1851
1850
1853
1867
1897
1908
1899
1902
1882
1871
1881
1866
1912
1948
2012
2073
2142
2164
2213
2226
2236
2229
2206
2187
2233
2213
2290
2297
2362
2394
2432
2468
2477
2477
2538
2522
2567
2591
2563
2587
2571
2568
2579
2576
2582
2576
2581
2595
2608
2604
1804
1807
1790
1786
1792
1790
1794
1793
1792
1797
1793
1790
1785
1793
1789
1808
1804
1813
1810
1806
1812
1811
1806
1815
1803
1801
1804
1814
1799
1807
1816
1823
1846
1869
1873
1856
1844
1856
1866
1887
1909
1914
1906
1896
1874
1880
0
1891
1915
1946
1999
2071
2121
2139
2170
2215
2213
2235
2199
2212
2216
2253
2268
2359
2357
2452
2460
2484
2509
2498
2537
2555
2572
2573
2573
2578
2566
2540
2560
2557
2564
2566
2574
2582
2579
2594
2579
2567
2569
2563
2553
2536
2536
2545
2553
2559
2549
2549
2544
2531
2507
1807
1801
1810
1804
1805
1810
1812
1821
1809
1811
1806
1812
1807
1805
1806
1816
1818
1832
1870
1886
1873
1859
1855
1860
1888
1915
1922
1916
1903
1910
1888
1906
1934
1928
1954
2015
2133
2131
2157
2179
2193
2222
2227
2230
2217
2237
2293
2313
2323
2369
2443
2487
2518
2535
2562
2538
2559
2569
2567
2562
2580
2569
2557
2553
2557
2560
2561
2573
2564
2578
2584
2576
2569
2562
2558
2549
2533
2541
2556
2557
2561
2558
2546
2541
0
2521
2416
0
2225
2063
2029
1951
1922
1912
1935
1967
2000
2039
2059
2070
2066
1807
1814
1835
1861
1891
1877
1857
1858
1885
1888
0
1941
1924
1912
1916
1924
1974
1995
1972
2000
2096
2138
2177
2184
2206
2202
2200
2210
2218
2222
2231
2290
2331
2379
2414
2456
2496
2529
2550
2544
2559
2571
2599
2567
2581
2566
2568
2569
2544
2566
2554
2551
2578
2581
2586
2562
2578
2564
2568
2561
2535
2519
2537
2551
2554
2546
2557
2540
2515
2510
2423
2314
2186
2077
2042
1989
1965
1935
1933
1977
1978
2000
2035
2049
2005
1996
1958
1965
2022
2079
2082
2106
2050
2029
2092
2094
2126
2191
2242
2323
0
1996
2094
2031
0
2018
2071
2144
2201
2216
2199
2191
2210
2223
2210
2218
2249
2273
2384
2391
2444
2482
2528
2558
2547
2569
2563
2575
2572
2582
2564
2566
2568
2558
2553
2548
2559
2571
2572
2578
2587
2583
2596
2583
2582
2556
2551
2539
2537
2543
2538
2520
2536
2501
2464
2468
2398
2281
2173
2125
2054
2040
1995
1953
1968
1978
1969
1981
2006
1982
1938
1947
1944
1991
2025
2070
2055
1997
1985
2063
0
2174
2274
2321
2267
2363
2413
2497
0
2561
0
2556
2530
2528
0
2434
2392
0
2440
2404
2410
2369
2319
2315
2368
2420
2455
2524
2538
2555
2568
2571
2577
2595
2587
2580
2554
2548
2556
2555
2562
2554
2561
2570
2584
2590
2590
2589
2587
2585
2572
2548
2554
2536
2542
2530
2515
2484
2490
2450
2408
2401
2322
2252
2197
2133
2084
2097
2089
2051
2007
1987
1964
1959
1977
1948
1925
1958
1999
2065
2091
2055
1980
2008
1974
2038
2139
2295
2345
0
2300
2369
2516
2572
2568
2572
2584
2589
2564
2579
2522
2530
2486
2477
2512
2480
2431
0
2435
2409
2379
0
2370
2383
2405
2413
2410
2427
2430
2451
2463
2473
2476
2538
2558
2556
2591
2576
2567
2598
2589
2593
2600
2595
2589
2581
2568
2547
2527
2539
2536
2512
2480
2453
2449
2406
2352
2337
2283
2248
2210
2142
2104
2134
2151
2173
2123
2036
1976
1940
1966
1950
1931
1998
2096
2117
2093
2030
1958
1966
2026
2128
0
2274
2375
2302
2354
0
2511
2583
2593
2588
2586
2593
2601
2552
2574
0
2558
2549
2525
0
2504
2474
2481
2441
2410
2396
2383
2387
2401
2410
2401
2428
2457
2471
2476
2498
2496
2509
2519
2518
2525
2496
2492
2493
2475
2470
2472
2476
2473
2483
2453
2466
2539
2549
2532
2507
2477
2418
2381
2323
2318
2294
2263
2258
2212
2174
2131
2153
2199
2193
2135
2025
1934
1954
1960
1946
1946
2017
2095
2106
2058
1988
1945
0
2032
2140
2241
2361
2367
2327
2352
2498
2575
0
2595
2600
2595
2607
2601
2594
2598
2589
0
2584
2559
2555
2542
2517
0
2469
2421
2389
2381
2398
2399
2391
2394
2438
2462
2478
2490
2505
2512
2528
2542
2549
2550
2523
2529
2526
2517
2500
2528
2541
2501
2525
2513
2538
2428
2387
2330
2390
2371
2359
2328
2266
2237
2241
2200
2189
2114
2091
2030
2163
2183
2194
2128
2010
1926
1919
1959
1987
1964
1973
2041
2047
2049
1981
1952
2035
2184
2245
0
2304
2361
2324
2438
0
2590
2593
2588
2601
2619
0
2621
2617
0
2616
2602
2597
2599
2565
0
2542
2504
2429
2386
2387
2387
2391
2378
2380
2400
2449
2483
2476
2493
2497
2504
2526
2541
2557
2572
2552
2567
2555
2551
2565
2560
2576
2552
2592
2555
2564
2396
2446
2421
2401
2382
2390
2365
2333
2297
2282
2230
2178
2129
2156
2143
2093
2017
0
1939
1869
1896
1875
1905
1849
1813
1801
1786
1792
1791
1792
2004
2187
2294
2233
2233
2292
2280
2314
2483
2545
2591
2599
2611
2599
2608
2621
0
2624
2626
2629
2631
2620
0
2603
2569
2525
0
2480
2408
2385
2380
2362
2370
2369
2398
2437
2460
2466
2469
2473
2503
2528
2560
2576
2589
2593
2595
2595
2588
2594
2592
2609
2575
2603
2600
2522
2500
2472
2424
2410
2407
2409
2395
2412
2353
2288
2261
2207
2168
2169
2165
2133
2086
2021
2050
1961
2001
2023
0
1884
1815
1799
1792
1797
1804
0
1795
1802
1803
1801
1807
1791
1823
1801
1798
1803
1812
1806
1810
1833
1809
2618
2619
2639
2638
2644
0
2643
2621
0
2593
2556
2512
2459
2405
2383
2370
2352
2353
2381
2415
2434
2427
2441
2460
2484
2515
2552
2580
2601
2613
2615
2619
2614
2613
2624
2608
2623
2622
0
2613
2545
2508
2488
2442
2391
2437
2424
2439
2388
2366
2294
2230
2192
2206
2174
2130
2106
2102
2107
2121
2084
2045
2114
1961
1821
1806
0
1794
1803
1804
1810
1813
1816
0
1806
1799
1796
1792
1804
1804
0
1797
1826
1812
1820
1825
1823
1820
1793
1809
1810
1813
1799
1796
1796
1798
1800
1817
1812
1815
1821
2364
2362
2376
2394
2425
2420
2426
2447
2477
2513
2549
2564
2590
2614
2623
2625
2633
2635
2626
2638
2636
0
2645
2639
2635
2538
2534
2474
2476
2488
2464
2426
2439
2431
2370
2323
2262
2254
2226
2191
2131
2105
2111
2140
2140
2168
2161
1968
1920
1824
1802
1804
1814
0
1827
1798
1812
1808
1801
1789
1786
1791
1789
1803
1797
1809
1810
1823
1823
1832
1790
1827
1854
1810
1810
1801
1801
1815
1801
1803
1807
1809
1802
1816
1822
1822
1821
1818
1830
1831
1831
1822
1813
1814
1820
1823
1886
1862
1852
1842
1851
2624
2635
2641
2644
0
2659
2651
2667
2639
2568
2509
2539
2533
2544
2536
2497
2460
2427
2390
2336
2300
2248
2214
2170
2166
2155
2118
2125
2129
2143
2167
2109
1997
1869
1827
1816
1827
1822
1825
1821
1814
1800
1787
1806
1794
1785
1796
1795
1804
1798
1800
1809
1815
1821
1827
1874
1822
1827
1849
1815
1794
1804
1804
1803
1801
1804
1817
1817
1818
1820
1826
1817
1823
1831
1829
1845
1828
1823
1813
1820
1860
1858
1873
1851
1855
1860
1846
1849
1837
1837
1847
1818
1839
1832
1836
1840
1837
1829
1831
1849
1843
2530
2466
2382
2338
2304
2249
2199
2163
2158
2132
2116
2139
2133
2091
2079
2057
2023
2010
1916
1865
1831
1823
1795
1826
1843
1818
1825
1793
1784
1790
1788
1783
1793
1791
1812
1812
0
1817
1822
1826
1829
1834
1833
1832
1828
1812
1807
1810
1796
1819
1824
1816
1818
1824
1818
1822
1818
1816
1836
1833
0
1828
1814
1816
1884
1859
1874
1866
1856
1881
1844
1840
1835
1842
1855
1852
1846
1844
1860
1820
1826
1836
1846
1836
1846
1839
0
1821
1801
1834
1839
1842
1840
1852
1848
1843
1852
0
1735
1846
1853
2044
1998
2002
1909
1893
1850
1830
1841
1842
1841
1888
1850
1801
1786
1794
1789
1785
0
1796
1800
1817
1820
1824
1825
1827
1825
1851
1821
1843
1837
1819
1813
1811
1813
1824
1826
1823
1812
1813
1814
1816
1818
1827
1823
1821
1834
1826
1830
1837
1843
1845
1864
1860
1827
1854
1842
1829
1837
1832
1843
1852
1853
1838
1821
1832
1829
1840
1818
1838
1847
0
1839
0
1837
1831
1847
1840
1839
0
1849
1852
1850
1849
1735
1848
1827
1878
2062
2243
2453
2389
2124
1942
1851
1842
1845
1840
1825
1833
1832
1806
1780
1794
1799
1804
1820
1816
1819
1814
1819
1812
1814
1827
1833
1836
1823
1812
1801
1810
1848
1814
1818
1819
1821
1806
1820
1814
1818
1812
0
1812
1831
1832
1836
1842
1839
1836
1852
1849
1856
1841
1847
1839
1832
1810
1835
1836
1850
1841
1838
1837
1830
1835
1824
0
1841
1844
1839
1835
1837
1827
0
1839
1834
1845
1853
1847
1844
1847
1731
1867
1863
1951
2114
2352
2471
2359
2142
1978
1857
1845
0
1837
1841
1853
1819
1829
1850
1798
1817
1814
1788
1812
1811
1810
1819
1792
1819
1829
1813
1816
1808
1817
1800
1804
1816
1813
1817
1820
1820
1821
1819
1811
1824
1819
1818
1819
1829
1848
1850
1848
1846
1848
1845
1863
1839
1848
1835
1856
1836
1827
1843
1839
1824
1847
1840
1829
1830
1827
1832
1840
1838
1838
0
1836
0
1837
1833
1837
1831
1842
1847
1841
1845
1843
1613
1856
1890
2059
2223
2316
2452
2388
2108
1937
0
1851
1842
1851
1838
1832
1832
1818
1808
1817
1822
1777
1813
1834
1794
1808
1811
1814
1810
1813
1814
1808
1815
1814
1816
1815
1813
1815
1795
1821
1820
1823
1820
1821
1811
1819
1817
1823
1847
1843
1853
1852
1855
1841
1854
1832
1840
1846
1832
1828
1832
1846
1845
1868
1849
1841
1840
1851
1847
1850
0
1844
0
1838
1838
1845
1830
1835
0
1834
1839
1833
1850
1840
1832
1839
1863
1894
1997
2167
2368
2408
2399
2303
2141
1995
1896
1846
0
1842
1818
1837
1822
1829
1822
1817
1825
1813
1811
1787
1806
1814
1792
1811
1821
1819
1792
1825
1814
1815
1816
1818
1798
1824
1824
1823
1829
1804
1830
1824
1827
1799
1814
1817
1823
1816
1830
1813
1817
1825
1812
1801
1817
1816
1818
1815
1822
1815
1816
1832
1856
0
1853
1844
0
1839
1849
1843
1838
1836
1833
0
1837
0
1838
1839
0
1837
1841
1846
1837
1849
1739
1907
2032
2246
2377
2416
2352
2219
2086
1934
1872
1847
1839
1836
1837
1828
1810
1839
1816
1819
1802
1812
1837
1815
1816
1812
1809
0
1817
1829
1827
1833
0
1817
1797
1817
1822
1832
1818
1824
1825
1827
1818
1817
1816
1823
1823
1817
1824
1817
1818
1862
1818
1814
1806
1807
1806
1811
1814
1824
1820
1821
1813
1820
1841
1899
1972
2037
2073
2114
2109
2113
2108
2117
2130
2148
2178
2186
1827
0
1831
1837
1842
1840
1822
1838
1757
1895
1979
2165
2367
2329
2158
2149
2047
1898
1851
1841
1837
1830
1823
1831
1824
1822
1800
1824
1817
1791
1822
1819
1817
1816
1816
1833
1830
1798
1826
1831
1813
1816
1815
1823
1832
1813
1828
1817
1822
0
1822
1813
1806
1819
1819
1826
1810
1817
1792
1806
1812
1803
1803
1808
1801
1815
1816
1818
1823
1821
1818
1817
1831
1906
1948
2030
2120
2162
2154
2135
2120
2106
2131
2173
2190
2197
2212
2264
2278
2277
2249
2266
2305
2334
2364
2395
2408
2447
2470
2497
2539
2016
1899
1841
1831
1828
1831
1834
1833
1827
0
1818
1825
1823
1805
1848
1823
1792
1818
1819
0
1817
1836
1878
1832
1787
1824
1812
1815
1808
1832
1824
1822
1825
1823
1823
1817
1822
1823
1829
1837
1800
1822
1813
1809
1806
1808
1802
1803
1812
1810
1814
1818
1821
1820
1819
1818
1816
1827
1833
1876
1958
2031
2108
2127
2115
2118
2121
2166
2202
2200
2196
2207
2241
2316
2301
2263
2274
2320
2351
2361
2424
2447
2449
2488
2530
2557
2572
2583
2590
2596
2600
2624
2629
2636
2647
2638
2641
2632
2625
2610
2604
1797
1825
1826
0
1830
1876
1799
1842
1821
1817
1835
1811
1818
1826
1825
1827
1825
1837
1821
1820
1826
1819
1812
1831
1881
1857
1864
1840
1824
1807
1802
1791
1800
1800
1808
1816
1821
1827
1815
1815
1815
1812
1814
1823
1840
1885
1944
2033
2054
2090
2125
2182
2222
2227
2195
2157
2175
2239
2300
2302
2290
2250
2325
2363
2402
2434
2458
2474
2512
2547
2580
2585
2591
2596
2601
2622
2621
2630
2638
2639
2635
2638
2627
2628
2620
2600
2606
2619
2622
2619
2609
2603
2588
2572
2577
2566
2573
2569
2563
2538
2532
1825
1828
1829
1826
1819
1820
1820
1820
1824
1855
1899
1851
1824
1808
1802
1803
1801
1803
1809
1807
1819
1829
1825
1820
1817
1819
1818
1823
1835
1844
1897
1923
1988
2030
2073
2120
2187
2217
2222
2192
2176
2186
2220
2318
2253
2304
2306
2324
2365
2416
2471
2480
2495
2523
2553
2577
2602
2601
2602
2609
2616
2630
2636
2640
2640
2632
2620
2618
2609
2608
2598
2592
2608
2617
2611
2603
2597
2592
2572
2564
2560
2573
2581
2573
2556
2547
2552
2555
2529
2515
2473
2400
2320
2210
2133
2054
2083
2142
2133
2069
2027
1799
1794
1802
1809
1813
1841
1839
1839
1829
1821
1816
1818
1839
1856
1891
1938
1968
2023
2024
2057
2086
2156
2175
2207
2203
2193
2252
2276
2304
2307
2325
2336
2352
2418
2480
2499
2492
2511
2517
2546
2573
2598
2601
2599
2609
2618
2635
2641
2643
2643
2637
2625
2617
2616
2597
2593
2594
2604
2610
2602
2595
2592
2579
2569
2564
2587
2578
2569
2565
2557
2560
2552
2549
2516
2499
2447
2345
2283
2170
2086
2025
2050
2112
2114
2057
2042
2182
2230
2254
2169
2182
2260
2340
2311
2292
2294
2283
2253
2218
2168
2118
1948
1993
2057
2076
2094
2122
2144
2158
2181
2207
2255
2276
2287
2316
2342
2355
2391
2439
2460
2486
2522
2521
2529
2531
2560
2575
2593
2594
2593
2608
2630
2635
2645
2647
2646
2639
2633
2613
2592
2581
2580
2585
2599
2602
2601
2582
2574
2570
2554
2573
2585
2586
2590
2569
2554
2543
2538
2525
2513
2500
2449
2340
2212
2079
1988
1985
2026
2103
2192
2128
2145
2180
2277
2308
2226
2150
2185
2293
2324
2355
2386
2402
2368
2323
2322
2205
2112
2110
2089
2116
2169
2242
2301
2323
2339
2318
2288
2207
2173
2177
2230
2408
2447
2452
2491
2516
2537
2544
2560
2568
2583
2584
2594
2594
2596
2606
2626
2636
2646
2646
2646
2643
2634
2619
2600
2583
2570
2589
2603
2596
2591
2578
2560
2553
2555
2569
2586
2590
2595
2590
2550
2515
2510
2506
2501
2483
2428
2307
2108
2018
1962
1953
2077
2262
2416
2279
2173
2184
2285
2321
2291
2154
2186
2230
2312
2376
2424
2436
2428
2414
2371
2223
2199
2161
2153
2168
2188
2236
2273
2282
2306
2311
2305
2254
2212
2193
2205
2222
2273
2343
2382
2385
2366
2273
2209
2233
2316
2409
2426
2351
2234
2141
2627
2640
2642
2646
2652
2645
2639
2625
2605
2586
2578
2579
2604
2597
2585
2569
2557
2557
2568
2574
2590
2581
2582
2565
2537
2489
2491
2489
2492
2478
2414
2262
2082
1953
1905
1906
2014
2272
2447
2395
2185
2127
2209
2334
2271
2199
2200
2243
2328
2389
2436
2424
2438
2437
2367
2293
2264
2242
2200
2209
2213
2226
2223
2222
2262
2276
2288
2250
2217
2182
2185
2186
2255
2320
2377
2352
2303
2224
2224
2265
2330
2399
2418
2365
2323
2233
2200
2195
2199
2222
2234
2312
2259
2281
2241
2306
2247
2357
2317
2437
2337
2555
2555
2556
2570
2584
2583
2573
2567
2551
2528
2498
2487
2487
2492
2486
2397
2230
2080
1963
1917
1931
2120
2383
2474
2292
2125
2092
2165
2276
2301
2257
2224
2214
2277
2393
2417
2401
2419
2429
2391
2316
2279
2253
2245
2240
2206
2187
2188
2163
2199
2232
2254
2223
2197
2160
2138
2137
2178
2241
2298
2292
2254
2219
2223
2258
2317
2393
2394
2364
2313
2292
2247
2223
2199
2197
2286
2286
2234
2187
2148
2213
2151
2201
2183
2258
0
2122
2098
2152
0
2181
2353
2463
2547
2555
2585
2590
2607
2614
2636
2657
2357
2187
2039
1963
1931
2020
2144
2331
2332
2220
2067
2040
2136
2227
2256
2234
2209
2219
2259
2337
2382
2368
2399
2408
2377
2321
2257
2239
2213
2195
2194
2122
2102
2084
2145
2179
2218
2170
2122
2097
2097
2081
2094
2179
2243
2227
2232
2200
2209
2228
2313
2369
2390
2371
2343
2319
2276
2216
2196
2247
2335
2335
2256
2176
2124
2116
0
2062
2071
2053
2077
1993
1986
1969
2040
2214
2335
2407
2472
2473
2487
2510
2566
2570
2630
2631
2651
2655
2663
2658
2657
2649
2641
2628
2619
2626
2569
2646
2548
2604
2542
2174
2168
2161
2183
2310
2348
2352
2376
2387
2351
2254
2186
2192
2176
2119
2091
2026
2031
2019
2089
2147
2164
2130
2084
2073
2058
2055
2060
2107
2176
2196
2198
2174
2176
2233
2298
2341
2375
2353
2329
2288
2238
2204
2221
2316
2374
2351
2258
2173
2124
2086
2061
2061
0
2048
2011
2001
1968
0
2138
2280
2325
2438
2445
2425
2451
2467
2524
2565
2616
2634
2681
2659
2663
2663
2659
2657
2621
2643
2647
2634
2620
2619
2613
2610
2603
2602
2634
2596
2584
2538
2569
2565
2542
2521
2588
2486
2474
2394
2404
2342
2021
1975
1972
2011
2061
2102
2129
2123
2093
2054
2033
2012
2021
2087
2155
2171
2175
2153
2132
2179
2267
2295
2320
2303
2295
2271
2221
2221
2251
2347
2397
2372
2272
2207
2130
0
2137
2126
2099
0
2089
0
2136
2185
2277
0
2381
2404
2452
2436
2432
2476
2529
2573
2580
2643
2629
2656
2637
2660
2658
2651
2643
2645
2642
2665
2634
2625
2625
2620
2613
2628
2618
2614
2612
2623
2593
2586
2531
2531
2506
2560
2548
2532
2457
2399
2367
2282
2257
2186
2061
1972
1929
1877
1853
1835
1829
1829
1830
1828
1821
2160
2151
2112
2120
2186
2239
2224
2246
2262
2255
2228
2214
2220
2244
2337
2387
2381
2333
2310
2206
2185
2201
0
2177
2153
2236
2180
2247
0
2234
2288
2404
2456
2434
2408
2423
2473
2484
2542
2580
2609
2625
2619
2639
2653
2652
2639
2635
2629
2642
2644
2643
2646
2649
2660
2639
2644
2622
2612
2617
2611
2574
2509
2432
2428
2409
2500
2521
2497
2455
2427
2404
2342
2277
2183
2079
2003
1960
1910
1905
1868
1860
1837
1842
1840
1828
1813
1810
1820
1829
1833
1837
1853
1837
1832
1817
1822
1818
1819
1818
1842
2371
2389
2360
2277
2253
2222
2210
2195
2237
2259
2286
2279
2211
2194
2212
2311
2360
2424
2403
2385
2388
2430
2497
2552
2589
2599
2598
2600
2619
2613
2630
2617
2618
2625
2633
2643
2650
2644
2647
2634
2645
2631
2614
2614
2609
2605
2568
2470
2355
2310
2380
2416
2463
2486
2469
2452
2407
2349
2252
2188
2133
2047
2008
1975
1952
1948
1944
1908
1888
1875
1845
1823
1816
1817
1834
1850
1845
1836
1830
1816
1815
1827
1836
1822
1824
1837
1835
1851
1854
1872
1840
1835
1836
1837
1829
1837
1839
1830
1828
1837
1822
2267
2360
2396
2401
2379
2390
2425
2481
2552
2582
2581
2539
2516
2552
2569
2585
2607
2599
2611
2614
2627
2628
2648
2632
2645
2628
2615
2607
2600
2608
2608
2575
2493
2448
2415
2452
2444
2472
2474
2426
2396
2344
2333
2272
2207
2164
2099
2054
2039
2031
2050
2071
2017
1960
1934
1885
1841
1821
1836
1829
1838
1838
1833
1833
1830
1831
1831
1833
1831
1815
1821
1821
1805
1849
1854
1852
1840
1844
1826
1857
1838
1823
1833
1821
1819
1814
1823
1822
1819
1827
1821
1826
1819
1816
1836
1829
1827
1829
1829
1834
1829
2522
2535
2533
2554
2581
2609
2612
2619
2624
2620
2586
2591
2586
2608
2603
2604
2579
2537
2543
2587
2490
2532
2493
2412
2311
2285
2286
2310
2272
2229
2195
2145
2091
2067
2090
2111
2106
2074
2032
1950
1880
1843
1837
1828
1830
1833
1830
1831
1825
1818
1851
1834
1838
1838
1822
1825
1825
1823
1835
1836
1822
1843
1834
1840
1830
1835
1825
1822
1820
1818
1832
1817
1835
1818
1826
1818
1814
1833
1817
1817
1828
1828
1830
1826
1829
1829
1829
1829
1833
1818
1828
1813
1824
1822
1838
1808
1587
1804
0
0
1804
2581
2578
2591
2598
2582
2582
2546
2485
2373
2314
2280
2323
2308
2272
2229
2179
2142
2124
2104
2098
2120
2145
2130
2059
2000
1906
1855
1832
1824
1824
1821
1816
1827
1829
1822
1827
1828
1831
1821
1833
1817
1817
1825
1826
1833
1845
1844
1837
1852
1830
1816
1847
1824
1848
1826
1816
1821
1818
1825
1844
1818
1819
1812
1816
1822
1811
1813
1830
1820
1827
1835
1823
1830
1829
1822
1820
1817
1815
1826
1826
1798
1593
1811
1805
1804
1802
1805
1811
1813
1804
1805
1798
1802
1804
1830
1875
1878
1863
1820
1808
1804
