0
2114
0
2157
2182
0
0
2253
2262
0
2226
2181
2134
0
0
2081
2063
2057
0
2035
2020
1992
1998
2006
2017
2011
2012
2002
0
0
0
0
0
0
0
0
0
0
0
0
0
0
0
0
0
0
0
0
0
0
0
0
0
0
0
0
0
0
0
0
0
1901
1897
0
1939
1936
1949
1923
1936
1940
1918
1925
1955
1948
1948
0
0
1931
1923
1902
1895
1891
1867
1888
1884
1869
1890
1883
1874
1878
1869
1882
1880
1871
1887
1876
1884
1879
1878
1890
1887
2551
2101
2126
2144
0
2195
2230
0
0
2248
2240
2219
2179
2131
2105
2070
0
2060
2055
2039
0
2004
0
1999
2004
1998
0
2001
1992
2009
0
0
0
0
0
0
0
0
0
0
0
0
0
0
0
0
0
0
0
0
0
0
0
0
0
0
0
0
0
0
0
0
1900
1912
1919
1955
1965
1951
1934
0
1921
0
1928
1937
1944
1940
0
1932
1930
1922
0
1896
1889
1868
1886
1864
1875
1871
1875
1872
1870
1871
1871
1874
1872
1870
1890
1876
1878
1886
1896
2550
2600
2109
0
2147
2169
0
2242
2245
2247
2239
0
0
2198
2140
2107
2064
2057
0
2049
2031
2014
1991
1991
0
1994
2001
1991
0
1996
2001
1998
0
0
0
0
0
0
0
0
0
0
0
0
0
0
0
0
0
0
0
0
0
0
0
0
0
0
0
0
0
0
0
0
1925
1938
1962
1964
0
1933
1929
1906
1911
1931
0
1933
0
1944
1956
1933
0
1915
1912
1878
1860
1867
1883
1872
1879
1867
1856
1863
1867
1875
1875
1896
1854
1876
1877
1908
1891
0
2575
2565
0
2131
0
2167
2207
2244
2246
0
2243
2234
0
0
2132
2090
0
2052
2034
0
2029
2011
1989
1994
1997
0
1994
1994
1987
2006
0
2004
2012
0
0
0
0
0
0
0
0
0
0
0
0
0
0
0
0
0
0
0
0
0
0
0
0
0
0
0
0
0
0
1905
1930
1948
0
1941
1924
1904
1910
1902
1917
1941
1947
1941
0
0
1942
1923
1935
1916
1895
1874
1867
1879
1879
1873
1865
1869
1860
1864
0
1852
1854
1856
1845
1853
0
1884
2575
2584
2561
2611
2160
2151
0
2177
2199
0
2252
2252
0
2235
2198
2153
2097
0
2064
0
2025
2017
1999
0
0
1992
1989
2006
1992
0
1982
1986
1986
0
2003
2026
0
0
0
0
0
0
0
0
0
0
0
0
0
0
0
0
0
0
0
0
0
0
0
0
0
0
0
0
0
0
1914
1919
1937
1907
1911
0
1903
0
1922
0
1949
1931
0
1938
1933
0
1913
1892
0
1881
0
1872
1871
1868
1870
1854
1861
1852
1867
1871
1874
1867
0
1870
1870
2581
2588
2594
2588
2589
0
2173
0
2203
0
2224
0
2251
2258
2256
2216
0
2097
2055
0
2034
2026
2010
1999
1986
1966
0
1982
2017
2024
1979
0
1971
1986
2000
2025
2039
2029
0
0
0
0
0
0
0
0
0
0
0
0
0
0
0
0
0
0
0
0
0
0
0
0
0
0
0
0
0
1904
1901
1913
0
1900
1903
1912
1917
1920
1946
1925
0
0
1931
1906
1911
1888
1881
1878
1888
1864
1873
1871
1868
1867
1883
1861
1873
1875
1907
1886
1875
1846
1877
2599
2591
2612
2576
2610
2583
2177
0
2186
0
2207
0
2224
0
2247
0
2225
2160
0
2057
2026
0
0
1996
1986
1969
1957
1978
2015
0
2060
2011
1975
1966
1972
1986
2026
2049
2000
1990
1998
0
0
0
0
0
0
0
0
0
0
0
0
0
0
0
0
0
0
0
0
0
0
0
0
0
0
0
1882
1892
1901
1900
1908
1902
1917
1908
1917
1914
1897
0
1910
1895
0
1889
1879
0
1891
1886
1855
1886
1879
1871
1880
1889
1868
1882
1877
1881
1876
1877
1852
2637
2614
2606
2604
2602
2592
2593
2183
2195
2190
2192
0
2197
0
2245
0
2268
0
2157
2085
2054
2027
2017
1994
1974
0
1971
0
1968
2019
2099
0
2064
2005
1976
1986
2022
0
2067
2021
2001
2024
0
0
0
0
0
0
0
0
0
0
0
0
0
0
0
0
0
0
0
0
0
0
0
0
0
0
0
1879
1894
1913
1899
0
1924
0
1915
0
1896
0
0
1891
1879
1890
1877
1892
1881
1896
1901
0
1880
0
1873
1874
1870
1861
1872
1869
1870
1889
1868
2637
0
2615
2623
2592
2616
2602
2568
0
2200
0
2175
2190
2188
2216
0
2247
0
2209
2165
2112
0
2013
2002
0
1976
1965
0
1956
1969
2010
2094
2107
0
1991
0
1976
2001
2059
0
2022
2001
2036
2001
0
0
0
0
0
0
0
0
0
0
0
0
0
0
0
0
0
0
0
0
0
0
0
0
0
0
0
1916
0
1922
1920
1909
1900
1888
1894
1880
1889
0
1870
0
1879
1882
0
1905
1905
0
1900
1862
1885
1919
1867
1891
1847
1860
1863
1855
1869
2647
2648
2625
2625
2600
2626
2614
2584
0
2188
0
2187
0
2176
0
2205
2246
2235
2210
0
2105
0
2057
0
2009
1993
1969
1954
1956
0
1996
0
2067
2120
2062
2003
1992
0
1992
2050
2039
1992
0
2031
2026
1991
0
0
0
0
0
0
0
0
0
0
0
0
0
0
0
0
0
0
0
0
0
0
0
0
0
1893
0
1916
1919
1927
0
1889
1866
1870
0
1878
0
1884
1871
1882
1894
1908
1906
1901
0
0
1882
1877
1877
1867
1862
1847
1854
1845
1851
2655
2646
0
2637
2649
2628
2599
2616
2604
2600
2180
2193
2181
2168
0
2183
0
2242
0
2206
2156
0
2074
0
2013
0
1973
0
1951
1959
1958
1998
2049
0
2104
2082
2030
2012
1989
0
2025
2055
1989
2025
0
2025
2002
2004
0
0
0
0
0
0
0
0
0
0
0
0
0
0
0
0
0
0
0
0
0
0
0
0
1906
1926
1916
1908
1905
1902
1887
0
1854
1873
0
1879
1877
1895
1894
0
1908
1899
0
0
1892
1882
1883
1871
1864
0
0
1882
1866
2649
2656
0
2635
2630
2622
2599
2642
2606
0
2592
0
2181
0
2165
2170
2167
2205
0
2233
0
2160
2106
2072
2024
0
1973
0
1961
0
1953
1968
0
2050
2088
0
2056
0
2018
1993
2018
2050
0
1993
2002
2022
2003
2004
1997
2015
0
0
0
0
0
0
0
0
0
0
0
0
0
0
0
0
0
0
0
0
0
0
0
1907
1913
1884
1905
0
1895
1864
1862
0
1864
1882
1887
0
1896
1896
1900
1909
1884
1896
0
1894
1884
1882
1879
1874
1867
1864
1874
2644
2641
2644
2647
2641
2629
2633
2627
2617
2609
2592
2596
2172
0
2183
0
2172
0
2181
2208
2177
2185
0
2109
0
2019
1998
0
1956
0
1957
0
1967
1990
2028
2078
2062
0
2055
0
2028
2011
2058
2027
1999
0
2009
2009
1999
1974
2026
2060
2074
0
0
0
0
0
0
0
0
0
0
0
0
0
0
0
0
0
0
0
0
0
1909
1907
0
1892
1911
1894
0
1867
0
0
1878
1880
1901
1907
0
1901
1890
0
1882
0
1880
1882
1882
1880
1878
1870
1861
0
2648
2643
0
2631
2613
2629
2619
2642
2616
0
2606
0
0
2169
0
2172
0
2170
0
2169
0
2148
2152
2072
2052
0
2001
1979
1949
1954
0
1972
0
1988
0
2051
2066
2038
2015
2022
2015
0
2049
0
2011
1999
2005
0
1995
1978
1985
2037
0
2053
0
0
0
0
0
0
0
0
0
0
0
0
0
0
0
0
0
0
0
0
1895
1886
1899
1918
1904
0
1870
0
1876
1868
1869
0
1893
1905
1899
1884
1877
1873
1870
0
1891
1893
0
1880
1886
1883
2647
2641
2644
2646
2646
2615
2625
2637
2633
2635
0
2614
0
2611
2155
2140
2170
2177
2166
0
2167
0
2148
0
2087
0
2034
2014
1974
1961
0
1942
1972
0
1993
2003
2019
0
2031
2026
0
2010
2022
2039
0
2056
2030
2007
2000
1997
0
1978
1974
2020
2037
0
2062
0
0
0
0
0
0
0
0
0
0
0
0
0
0
0
0
0
0
0
0
1900
1908
0
1892
1882
1866
1865
1880
1865
1860
1871
1875
0
1888
1869
0
1862
1871
0
1869
0
1885
1886
1893
2635
0
2646
2655
0
0
2636
2637
0
2619
0
2617
0
2607
2604
2146
0
2156
0
2170
2167
2160
2152
2129
2095
0
2050
0
1999
0
1967
1948
0
1983
2026
2049
1999
0
2000
2009
0
2009
2012
2027
2063
2058
2053
2023
0
2001
1991
1975
1973
0
1978
2013
2054
2064
0
0
0
0
0
0
0
0
0
0
0
0
0
0
0
0
0
0
0
1898
0
1911
1904
1871
1865
0
1872
0
1855
0
1853
1855
1881
1859
1863
1869
1885
1888
0
0
1885
1874
1885
2650
0
2642
0
2646
2648
2649
2644
2634
2638
0
2617
2612
2619
2615
0
0
2148
0
2174
0
2160
0
2158
2092
0
2045
0
2017
0
1983
0
1945
1941
1964
2054
0
2033
1995
0
2013
2023
0
0
2028
2079
2075
2067
2056
2027
0
1994
1982
1962
1961
1977
2027
2033
2072
2032
0
0
0
0
0
0
0
0
0
0
0
0
0
0
0
0
0
0
1901
1911
1881
1878
0
1859
1859
1865
1864
1857
1860
1842
1840
1855
1856
0
1881
1886
0
0
1902
1890
1882
2646
0
2650
0
2647
2641
0
2646
2653
0
0
2631
2607
0
2612
2571
2590
2175
0
2167
2178
0
2158
0
2123
0
2030
0
2000
1995
2005
0
1963
0
1936
0
2027
2088
2075
2028
2007
2016
2040
2013
2027
2086
0
2113
0
2072
2040
2002
1982
0
1962
1948
1953
2005
2076
0
2059
1983
1981
0
0
0
0
0
0
0
0
0
0
0
0
0
0
0
0
1881
1877
1844
1844
1860
1851
1858
1848
1855
1869
1869
1854
0
1867
1888
1863
1881
1891
0
1876
1891
1882
2645
0
2645
2635
2635
2642
2641
2644
2641
0
2646
2622
2610
2625
2597
2576
2588
2584
0
2177
0
2174
2169
0
2146
0
2080
0
2000
0
1992
0
2001
1940
1939
1950
0
0
2080
0
2053
2010
0
2050
2033
0
2062
2116
0
2082
0
2063
2012
1981
1953
1937
1945
0
1987
2051
2086
2002
0
1970
1962
0
0
0
0
0
0
0
0
0
0
0
0
0
0
0
1837
1848
0
1841
1851
1853
1851
1848
1859
1861
1875
1855
1862
1889
0
1891
1893
0
0
1884
1891
2635
0
2633
2629
0
2629
2638
0
2646
0
2620
2616
2637
2619
2595
2606
2607
2595
0
2190
2190
2181
2175
2162
2158
2146
2116
2037
2016
1992
1985
0
2001
0
1988
0
1955
1995
2056
2086
0
2020
0
2005
2025
2030
2015
2012
2084
2103
0
2032
2004
0
1990
1954
1930
1938
1961
0
2039
2097
2038
1968
1947
0
1931
0
0
0
0
0
0
0
0
0
0
0
0
0
0
0
1827
1837
1843
1848
0
1835
0
1855
0
1863
0
1878
1900
1897
1892
1878
1883
0
1880
2632
2626
2620
2633
2638
2642
2631
0
2614
2642
2597
2626
2643
2605
2646
2610
2589
2602
0
2570
2197
0
2192
2163
0
2167
0
2111
0
2003
0
1963
1969
1978
2013
1994
1972
0
1996
0
2072
2056
2015
2000
0
2008
0
2005
0
2015
2065
2068
2019
2006
1987
0
1971
1927
1915
1942
2004
2084
0
2053
1983
1953
1937
0
1932
0
0
0
0
0
0
0
0
0
0
0
0
0
1823
1844
1830
0
1843
1836
1846
1836
1835
0
1870
1871
1892
0
1900
1892
0
0
1874
2631
2630
0
2640
2643
0
2644
0
2627
2595
2607
2592
2580
2596
2624
2610
2585
2629
2576
2594
2569
0
2200
0
2185
2161
0
2154
0
2037
0
1969
0
1969
0
1980
0
1995
1984
2010
2053
0
2053
0
1998
1991
0
1982
0
1975
0
2017
2050
0
1974
2004
1983
1959
1919
0
1921
1981
2060
2059
0
1968
1941
1924
1915
1909
0
0
0
0
0
0
0
0
0
0
0
0
0
1828
0
1848
1846
1837
1844
1833
1844
1841
1846
1861
1867
1881
1901
1887
1876
1865
0
2615
2615
2626
2640
2652
2638
2655
0
2650
2609
2635
2600
2573
2620
2612
2638
2619
2619
2595
2607
2616
2487
2181
0
2203
0
2170
2158
0
2101
0
1974
0
1959
0
1969
0
1973
0
1990
0
2030
2065
2038
2001
0
1977
1992
1958
1951
0
1998
2027
0
2002
1949
1981
2009
0
1912
1904
1955
0
2020
2022
1982
1946
1932
0
1913
1900
1895
1886
0
0
0
0
0
0
0
0
0
0
0
1836
1842
1847
1844
1841
1843
0
1837
0
1849
0
1863
1851
1868
1860
0
1844
2608
2599
2600
0
2645
0
2642
0
2640
2649
2593
2610
2583
2606
2581
2610
2608
2582
2636
2610
2600
2542
2576
0
2186
0
2186
2138
2118
2136
2069
2027
1970
1957
1949
1969
1981
1967
1967
1967
0
2013
0
2029
0
1993
1975
1951
1959
0
1952
1967
0
2017
1991
0
1932
0
2007
1982
1938
1902
1925
1986
0
1953
0
1926
1931
1918
1903
0
1898
1886
1893
0
0
0
0
0
0
0
0
0
0
0
1837
1831
1821
0
1838
1839
1833
1833
1838
1848
1849
0
1844
1843
1857
2616
2598
2604
2615
2626
0
2647
2635
2640
2640
2616
2629
2588
2593
2630
2597
2607
2569
2601
2576
2605
0
2577
2510
2165
0
2183
2147
2106
0
2071
0
1994
0
1957
0
1968
0
1977
0
1964
2008
2052
2014
1993
2004
0
1959
0
1942
1947
0
1934
1992
2032
2007
1949
1926
1978
0
1992
0
1905
1909
1954
1986
1945
1927
0
1926
1927
1894
1892
1896
0
1884
1882
0
0
0
0
0
0
0
0
0
0
1823
0
1821
1831
1826
1838
1828
1835
1841
1838
1837
1840
1831
0
2640
0
2618
0
2624
0
2634
2644
0
2642
2638
0
2582
2601
2590
2541
2596
0
2597
0
2605
2573
2583
2536
0
0
2161
2141
0
2103
2062
0
2010
0
1959
0
1965
0
1992
0
1964
0
2016
0
2056
0
1964
1961
1942
1940
0
1931
1933
1929
1982
0
2018
1953
0
1946
2001
0
1914
1898
0
1922
1954
1924
1921
1919
1929
0
1896
1887
1891
1882
1879
0
1879
0
0
0
0
0
0
0
0
0
1819
1816
1823
1821
0
1826
0
1833
0
1833
1827
1837
1835
2663
2661
2632
0
2641
2630
2619
2639
2626
2635
0
2638
2609
2609
2594
0
2573
2526
2570
2577
2600
2602
2619
2552
2555
2517
2150
2135
0
2116
0
2072
2013
0
1969
0
1951
0
1994
0
1975
0
1960
0
2065
0
2016
1950
0
1944
0
1933
0
1917
0
1981
2054
0
1968
1925
1929
1984
1985
1947
1891
1901
0
1914
0
1919
1929
1933
1909
1886
1886
1888
1885
1883
1876
1865
1879
0
0
0
0
0
0
0
0
0
1814
1813
1811
1816
1825
1836
1842
1832
1833
0
1835
2682
0
2678
0
2655
2650
0
2629
2622
0
0
2620
2608
2605
2614
2573
2550
2532
2564
2535
2608
2603
2559
2526
2550
2551
2494
2130
0
2134
0
2092
0
2013
1980
0
1951
1952
1987
2055
2015
2012
1979
1967
1977
1982
2029
1980
0
1944
0
1955
0
1930
1928
0
2071
0
2018
0
1939
0
1957
2001
0
1911
1884
1893
1902
1913
1931
0
1928
1897
1886
1884
1887
1886
0
1873
1873
1873
1866
0
0
0
0
0
0
0
0
0
1805
1816
1811
1826
1830
1831
1838
1842
1841
2687
2687
2700
2691
2676
2667
2657
2632
2624
0
2616
2617
2617
2602
2586
2584
2581
2528
2418
2510
2563
2593
2577
2624
2571
2525
2491
2507
2111
2140
0
2109
0
2050
1990
1961
1950
1940
0
2015
0
2059
0
2023
1972
0
1985
0
1992
1963
1972
1978
0
1976
0
1941
1996
2067
2060
0
1931
1912
1923
0
1984
1996
1956
1888
1878
0
1919
1926
1922
0
1886
0
1881
1890
1881
1870
1876
0
1863
1872
1863
0
0
0
0
0
0
0
0
1810
1815
1830
0
1826
0
1831
0
2681
0
2695
2698
0
2692
2671
0
2633
0
2620
0
2610
0
2592
2594
2625
2579
2275
2447
2269
2518
0
2585
2553
2529
0
2494
2486
2116
0
2120
0
2058
0
1994
1961
1954
0
1965
0
2056
0
2051
0
2017
1953
0
1981
0
1982
0
2031
2024
2043
1949
0
2006
0
2067
1980
1956
1912
0
1938
2003
0
1917
0
1874
1884
1914
1933
1936
1902
1868
1865
1878
0
1879
1873
1868
1865
0
1860
1856
1856
0
0
0
0
0
0
0
0
0
1832
1837
1837
1830
1828
2681
0
2687
2690
2696
2688
2692
0
2658
2650
2627
2592
2600
0
2559
2581
2553
2572
2492
2407
2206
2351
0
2494
2576
2544
2520
2499
2481
2517
2093
2123
0
2090
0
2010
1968
1957
0
1947
0
1989
0
2051
0
2062
0
2004
1959
0
1964
0
2013
0
2099
0
2001
1961
2037
2109
0
2001
0
1903
1892
0
1979
1992
1958
1876
1867
0
1949
0
1952
1914
1883
1863
1863
1875
0
1873
1870
1865
1863
1854
1855
1851
1851
0
0
0
0
0
0
0
0
0
1833
1827
1833
2691
2692
2690
2694
2700
0
2688
0
2674
0
2639
2617
0
2590
2584
2553
2546
2592
2549
2512
2283
2180
2072
2314
2493
0
2538
0
2502
2502
2516
0
2085
2085
0
2025
1973
0
1967
1967
0
1946
0
2008
0
2038
2058
2033
1981
1954
1955
1973
1989
2063
2094
0
2093
0
1980
0
2125
2114
2039
1933
0
1903
1921
1931
1981
0
1916
1878
1893
1931
1968
0
1936
0
1868
1863
1873
1878
1867
1865
1865
0
1859
1857
1849
1843
1840
0
0
0
1830
0
0
0
0
0
0
2686
2684
2691
2690
2693
0
2694
2690
2678
2674
2650
2641
0
2615
0
2561
2521
2548
2559
2558
2414
2384
2129
0
2206
2439
2530
2518
2527
2503
2519
2513
2049
0
2078
2039
1983
0
1960
0
1978
1958
0
1964
1966
2003
2015
0
2034
1992
0
1973
0
2029
0
2142
2140
2123
2034
2015
2050
0
2104
0
1980
1914
1905
1908
0
1916
1956
0
1878
1881
1923
1973
1963
1905
1860
1862
0
1874
1883
1870
1856
1856
1856
1855
0
1843
1843
1835
1837
0
0
1832
1836
0
0
0
0
0
2676
2668
0
0
2684
2699
0
2685
2673
0
2652
0
2646
2630
2592
2601
2556
2576
2532
2546
2538
2429
2377
2257
2423
2457
2531
2561
2531
0
2550
2548
0
2062
0
2025
0
1959
0
1965
1979
0
1957
1947
0
1955
0
1999
2010
0
1986
0
2006
0
2121
0
2155
0
2055
0
2012
2060
0
2050
0
1943
1891
0
1882
0
1893
1901
1893
1883
0
1968
1955
1892
1865
1865
1873
1886
1868
1868
1861
1859
1864
1858
1856
0
1846
1846
1838
1844
0
0
1835
1848
0
0
2639
2647
2674
0
2685
2696
2686
2698
2687
2683
0
2669
0
2645
2634
0
2615
2592
2593
2538
2555
2526
2538
2505
2429
2446
2419
2535
2554
2557
2521
2527
2516
2558
2050
0
2055
2014
1971
0
1955
0
1977
1982
1964
0
1947
0
1961
0
1984
2000
0
1996
0
2070
0
2145
0
2104
0
2012
0
1990
1996
1994
1941
1911
0
1870
0
1858
1878
0
1904
0
1936
0
1963
1903
0
1871
1881
1879
1869
1863
1857
0
1852
1853
1848
1840
1832
0
1830
1834
1830
1830
0
1846
1840
2631
0
0
2645
2669
0
2696
2699
2688
2674
0
2670
2651
2647
2627
0
2632
2597
2609
2572
2582
2559
2546
0
2540
2527
2527
2607
2573
2569
2519
2542
0
2545
2537
2051
2032
2011
0
1975
1959
0
1948
1947
1975
1966
1952
0
1942
0
1942
1976
1991
2014
2029
2024
2024
2097
2085
2098
2038
2010
0
1971
1976
0
1966
0
1911
1886
1860
1860
0
1865
1878
1911
1923
0
1964
1916
0
1861
0
1874
1878
0
1862
1863
1860
1850
0
1852
1860
1847
1830
1826
1827
1835
1835
1839
1855
2629
2642
2641
2634
2642
2651
2677
2686
0
2686
0
2694
2670
2653
2640
0
2640
2639
2616
2614
2598
2562
2524
2581
2536
2561
2522
2560
2557
2591
0
2558
2514
2536
2519
2578
0
2027
0
1972
0
1965
1956
0
0
1944
1947
0
1933
0
1934
0
1944
1972
2006
0
2019
0
2024
0
2026
0
1971
1949
1959
1929
1947
1931
1935
0
1865
0
1848
1848
1848
1868
0
1947
1950
0
1916
1874
0
1865
1868
0
1868
0
1853
1860
1857
1857
1855
1844
1826
0
1820
1822
1834
1839
1842
0
2655
2650
0
2636
2642
2643
2663
0
2656
2660
2678
2663
0
2655
0
2640
2657
2602
2629
2620
2606
2582
2562
2545
2538
2514
2533
0
2548
2559
2558
2537
2570
2509
2536
2555
2032
2009
2000
0
1969
0
1963
1948
1941
0
1953
1938
0
1926
1932
1932
1944
1982
0
1996
0
2007
0
1994
0
1959
1921
0
1912
0
1916
0
1897
1885
1854
1859
0
1843
0
1864
1906
1930
1951
1940
1925
1890
1868
1862
1862
1880
0
1857
1854
0
1841
1852
1852
1845
1831
1822
1829
0
1847
1839
2622
2639
2647
2644
2646
2644
2663
0
0
2645
2658
2664
2675
0
2664
2666
2658
0
2656
2619
2621
2632
2608
2581
0
2542
2569
2534
2492
2521
2534
0
2531
2480
2515
2520
2538
0
0
2028
2020
1982
0
1970
1962
1964
0
1953
0
1941
1931
1935
0
1944
0
1954
1984
0
1987
0
1975
0
1964
1923
0
1903
0
1888
0
1893
0
1864
0
1848
1843
1838
1848
0
1886
0
1931
1936
0
1877
1874
0
1850
1864
1860
1852
1839
1847
0
1846
0
1846
1825
1827
1835
1846
0
2605
0
2612
2618
0
2642
0
2656
2662
2646
2665
0
2666
0
2676
2679
0
2670
2669
2631
2607
2618
2616
2618
2589
2582
2583
2497
2532
2559
2509
2465
2500
2446
2524
2432
2508
2511
2520
2058
0
0
2012
1966
0
1972
1981
1965
0
1946
0
1942
0
1949
0
1932
0
1964
1985
0
1965
1936
1954
1907
1912
1891
1873
1883
1878
1880
1860
1860
0
1855
0
1848
0
1837
1855
1880
1902
0
1895
1890
1866
1878
1864
1852
1854
1857
1850
1853
1843
1845
1840
1843
1826
0
1828
1836
1854
2628
2614
2608
2601
0
2624
0
2648
2667
2675
2666
0
2682
2685
2671
2676
0
2684
2685
2673
2620
2628
2640
2595
2636
2612
2600
2544
2547
2488
2512
2447
2511
2452
2478
2415
2453
2478
0
2494
2049
2023
2010
0
1983
1967
1971
0
1990
1964
0
1954
1963
1961
0
1945
0
1942
1959
1937
1948
1932
0
1911
0
1900
1879
0
1868
0
1859
0
1851
1851
1851
1842
1843
1843
1851
0
1872
1888
1854
1855
0
1852
1847
0
1853
0
1845
0
1838
1835
1838
1846
1841
1831
1833
1831
1856
2623
2625
0
2626
2627
2629
2633
2644
2656
2648
0
0
2676
2680
2678
2679
0
2685
2684
0
2633
2649
2632
2599
2619
2617
2608
2578
2594
2492
2554
2488
2480
2469
2467
0
2437
2440
2405
2453
0
0
2025
2028
1998
0
1977
0
1993
0
1982
1977
1998
0
1971
1944
0
1926
0
1951
1928
1915
0
1905
0
1889
1876
0
1865
0
1852
0
1850
0
1842
0
1848
1837
1835
1829
1852
0
1859
0
1842
1847
1837
1840
1845
1853
1849
1831
1846
1841
0
1844
0
1835
1835
1828
1843
2618
0
2608
2618
0
2630
2631
2645
2637
0
2651
2664
2668
2671
0
2682
0
2683
2696
0
2686
2661
2648
0
2636
2637
2596
2611
2603
2545
2568
2488
2465
2479
0
2463
2443
2430
2410
2472
0
2451
2050
0
0
2033
2015
0
1998
2015
1996
1995
2005
0
1998
0
1949
1926
1916
1942
1921
1914
0
1897
0
1883
0
1868
1874
1860
1859
1850
1850
1842
1841
0
1837
1841
0
1843
0
1834
1845
1847
1839
0
1828
0
1841
1851
0
1846
1840
0
1831
1837
1840
1838
1840
0
1838
2600
2607
2589
2588
2602
2617
2623
2629
0
0
2650
2667
2676
2673
0
2676
2680
2689
0
2692
2704
2661
2679
2647
2647
2601
2625
2604
2589
2629
2585
2519
2474
2479
2459
2471
2398
2469
2442
2467
2452
2431
2414
2067
2068
2056
0
2056
2036
2061
2022
0
2002
0
1998
0
1972
0
1923
0
1902
0
1904
1891
0
1889
0
1865
1865
1857
0
1855
0
1842
0
1840
1833
1832
1835
1830
1831
1834
0
1834
0
1830
1828
1835
1833
0
1840
1853
1851
1840
1837
1833
1831
1830
1833
1831
1833
2588
2577
0
2589
2586
0
2603
0
2600
2607
2633
2665
2676
0
2687
2685
2689
0
2691
2687
2684
0
2679
2684
2679
2647
2640
2628
2595
2608
2585
2581
2515
2477
2426
2497
2424
2435
2416
0
2439
2396
2422
2471
0
2067
2054
2037
2052
0
0
2041
2018
0
2003
1993
1980
0
1933
0
1900
0
1898
1888
0
1889
1858
1868
1865
1862
0
1844
0
1849
0
1827
1832
0
1827
0
1822
0
1824
1844
1832
1827
1826
1833
0
1844
1836
1844
1842
0
1837
1837
0
1827
1827
0
1827
2574
2576
2565
2587
2578
2568
2583
0
2576
2577
2601
2618
0
2650
2666
0
2684
0
2684
2684
2691
0
2658
2682
2658
2670
2660
2643
2614
2614
0
2609
2585
2542
2507
2473
2434
2445
2451
0
2435
0
2434
2401
2418
2067
0
0
2016
2024
2048
2029
0
2012
2016
1971
0
1972
1931
0
1907
1885
1887
0
1878
1879
1863
0
1870
0
1852
1848
0
1836
0
1837
0
1830
1825
0
1824
0
1829
0
1822
0
1821
0
1830
1826
1849
0
1840
1843
1826
1829
0
1819
1822
0
1827
0
2569
2558
0
2574
0
2572
2555
2559
2571
2571
0
0
2617
2621
0
2664
0
2695
2684
0
2662
2669
2640
2644
2664
2670
2656
2647
2635
2605
2607
2593
0
2567
0
2523
2498
2493
2458
2412
2390
2431
2412
2424
0
2032
2028
1990
0
1992
2013
2008
1987
0
1989
1943
1944
0
1917
1903
1876
0
1882
1883
0
1874
1865
1863
0
1859
0
1851
1844
0
1835
1840
1832
1830
1834
1831
1829
1827
1833
1827
1819
1823
0
1828
1828
1848
1842
1851
0
1838
0
1823
1827
0
1823
1827
2567
2560
2556
0
2558
2562
2567
2562
2570
2559
0
2564
2562
2589
2590
0
2607
2628
2662
2688
0
2667
0
2637
2607
2636
2610
2659
2669
2605
2628
2655
2611
2573
2585
2544
2522
0
2482
2444
2388
2425
2445
2447
2444
2437
2409
2020
2016
0
1992
1992
0
0
1990
1978
0
0
1919
1903
1898
1876
0
1874
1870
0
1868
1855
1868
0
1864
0
1856
1842
1839
1834
1837
0
1832
1836
0
1831
0
1837
0
1828
0
1830
1828
1830
0
1837
0
1838
1839
1832
1827
0
1830
1823
1815
0
2579
2566
2566
2554
2556
2558
2566
2564
0
0
2562
2561
2566
2563
0
2587
2607
0
2662
0
2675
0
2669
2618
2617
2584
2620
2623
2607
2599
2564
2602
2605
2592
0
2570
2527
2517
2445
2503
2438
2406
2448
2438
2465
0
2448
0
2029
1993
2004
1975
2001
1961
0
1972
1931
1904
1877
0
1883
1867
1866
0
1863
1863
1860
0
1862
1870
0
1860
1858
1845
0
1855
0
1839
0
1834
1845
0
1845
0
1830
0
1825
1833
0
1831
1831
1827
1833
1823
1830
0
1827
1832
1822
1824
2577
2576
2565
0
2561
2557
2561
2563
0
2561
2567
2570
2575
0
2559
2571
2565
2587
0
2614
2656
2665
0
2668
2620
2573
2624
2599
2596
0
2589
2548
2605
2581
2565
2571
2580
2573
2583
2537
2523
2490
2452
2493
2426
2468
2467
2490
2405
2073
2018
0
0
1978
1969
1950
1940
0
1926
1904
1868
1868
0
0
1868
1870
0
1863
1865
1872
0
1878
1870
1864
0
1853
1846
0
1850
0
1844
1839
0
1846
0
1838
0
1836
1826
0
1838
0
1829
0
1835
0
1820
1830
1827
1829
0
2584
2582
2576
2568
2571
2565
0
2567
0
2562
2562
2577
2586
0
2575
2564
0
2573
0
2589
2616
0
2646
2659
2642
2584
2596
2568
2599
2577
2583
2559
2575
2559
2536
2561
0
2567
2557
2584
2569
2525
2552
2505
2477
2461
2475
2516
2474
2444
2081
2040
2021
1985
0
1963
0
1930
1908
0
1869
0
1868
1867
1872
0
1863
1876
1873
1876
0
1883
0
1881
0
1855
0
1860
1850
0
1845
0
1854
1845
1856
1846
1848
1836
1835
1840
1838
1831
1833
1839
1830
0
1817
0
1820
0
1826
2575
0
2584
2576
0
2573
0
2575
2576
2560
2560
2562
0
2569
2586
2575
0
2569
2560
2563
2584
0
2610
0
2628
2603
2602
0
2581
2578
0
2568
2578
2589
2551
2552
2520
2557
2553
2608
2556
2581
2559
2527
2517
0
2469
2455
2507
2453
2462
0
2050
2032
1983
1963
1938
1925
0
1898
1879
1864
1861
0
1857
1858
1868
1870
1876
0
1876
1870
0
1876
1870
1860
0
1860
1848
0
1845
1845
1847
1855
1858
0
1848
0
1846
0
1843
1831
0
1832
0
1834
1835
1827
1822
1824
0
2576
2588
2573
2572
0
2580
0
2572
2573
2573
2563
0
2552
2561
2571
2573
0
2572
2554
0
2541
2553
2579
0
2610
2625
2609
2582
2594
2587
2555
2570
2543
2573
2583
2567
2564
2590
2554
2559
2545
2583
2598
2541
2554
2515
2494
0
2504
2467
2481
2451
2068
2023
2012
0
1952
1931
0
1900
0
1877
0
1861
1865
0
1860
0
1868
0
1872
0
1869
1865
1871
0
1853
1856
0
1850
1845
1854
0
1855
0
1849
1861
0
1846
0
1846
1841
0
1835
0
1839
0
1845
0
1831
1830
2579
0
2571
2563
2575
2564
2572
2573
2572
0
2571
2567
2560
2558
0
2564
0
2567
2559
0
2543
2543
2547
0
2584
2599
2549
2597
2621
2597
2551
2600
2531
2556
2613
2559
2589
2554
2567
2511
2581
2564
2554
2575
2553
2519
2543
2520
2496
2543
2506
2489
2450
2031
0
1989
1975
1951
1927
1911
1895
1876
0
1863
0
1860
1858
1870
1860
0
1874
1867
1870
0
1861
1866
1846
0
1867
1858
0
1860
1849
1850
0
1849
1856
0
1846
0
1846
1850
1846
1839
1830
1829
1829
1829
1840
1828
1830
2576
2585
2581
2570
0
2577
2567
0
2574
0
2577
2586
2571
2566
0
2563
2548
2552
2563
0
2543
2531
0
2531
2553
2574
0
2582
2543
2583
2575
2578
2531
2550
2523
2564
2586
2553
2607
2550
2561
2509
2544
2519
2574
2530
2492
2533
0
2533
2513
2518
2488
2490
1992
1953
1953
0
0
1915
1900
1890
1879
1872
1856
1853
0
1856
1865
1876
1867
1862
0
1867
1860
0
1848
0
1855
1860
0
1854
1856
1845
0
1848
0
1853
1843
1849
1842
1845
1852
0
1842
0
1832
0
1831
1850
1835
2564
2564
2569
2566
2565
2575
2566
0
2571
2582
2585
2580
0
2594
0
2563
2557
0
2554
0
2551
0
2543
2536
0
2546
0
2556
2505
2566
2547
2542
2568
2546
2528
2569
2557
2563
2583
2553
2571
0
2546
2512
2534
2527
2475
2531
2517
2525
2524
2543
2518
2515
2530
1990
0
1932
1923
1910
1892
0
0
1864
1874
0
1858
1852
0
1856
0
1865
0
1862
1863
0
1861
1848
1856
0
1857
1850
1852
0
1850
1840
0
1849
1841
1840
0
1844
0
1839
1848
0
1839
0
1841
1845
0
2564
2563
0
2569
2556
0
2568
2565
2573
2566
0
2591
0
2594
2609
2590
2576
0
2557
2548
2555
2559
2558
2548
0
2553
2537
2545
2520
2529
2509
2532
2550
2530
2549
0
2528
2539
2530
2578
2578
2568
2562
2544
2525
2554
2517
2507
2529
2474
2516
2498
2516
0
2527
2545
2009
1971
1974
1929
0
1911
1896
1879
0
1868
1851
1862
1859
1855
1856
1851
0
1857
1852
1848
1864
1846
0
1850
1845
0
1850
0
1845
0
1842
1844
1844
0
1846
1836
0
1832
0
1845
1844
0
1854
0
1850
2571
2568
2561
2570
2557
0
2566
2559
2565
2558
0
2566
0
2588
2594
0
2598
0
2581
2557
0
2554
2560
2568
0
2559
2548
0
2548
2530
2551
2525
2528
0
2546
2536
2530
2535
2496
2536
2546
2572
0
2564
2527
2529
2476
2491
2532
2468
2509
2495
2539
2517
2522
2558
2585
2040
2011
2004
1957
1942
1925
1903
0
1868
1856
1860
1856
0
1858
1854
1848
1851
1852
1840
0
1851
1837
1840
0
1845
1832
1832
1835
0
1843
1846
1833
0
1831
1845
0
1830
0
1839
1849
1844
1856
1855
1850
2571
2570
2575
2575
2577
2562
2564
2569
0
2551
0
2554
2552
2569
2568
0
2590
2584
2590
0
2565
2552
0
2556
2557
2560
0
2552
2540
2526
2546
2541
2526
2517
2529
2544
2552
2550
2532
2524
0
2546
2558
2571
2545
2535
0
2507
2502
2511
2500
2493
2502
2513
0
2522
2523
2582
2030
2027
0
1968
1944
1928
1909
1877
1871
1856
0
1856
1858
0
1851
0
1846
0
1837
1844
0
0
1837
1837
1831
1826
0
1830
1835
0
1836
1837
1835
0
1834
1835
0
1834
1826
1833
0
1850
0
2576
2582
2582
2578
2573
2577
2569
2572
0
2568
2554
2558
2556
0
2553
0
2568
2578
0
2571
2573
2545
0
2544
2554
0
2544
2542
2543
0
2547
0
2554
2530
0
2510
2504
2540
2544
2542
2524
2529
2556
2582
2571
2554
2537
2525
2511
2460
2476
2453
2489
2538
2479
2525
2538
2582
2564
0
2006
2010
1957
1950
0
1909
1881
0
1856
1857
1851
1840
1853
1851
1840
0
1843
1837
1831
1832
1828
1835
0
1827
1829
1825
0
1821
1831
1833
1835
0
1842
0
1830
1843
1836
0
1824
1833
0
2574
2575
2581
2581
2576
2586
0
2582
2564
2565
2566
2556
2562
0
2561
2554
2562
2567
0
2571
2560
2561
2550
2542
2548
0
2550
0
2537
2540
2549
2545
2562
2552
2531
2519
2493
2519
0
2541
2546
0
2535
2515
2558
2538
2544
0
2518
2479
2477
2502
2473
2493
2450
2540
2474
2515
2495
2589
2000
1968
1972
0
1934
1918
1893
1882
1868
1863
1857
0
1851
1849
1846
1846
1839
1841
1833
0
1832
1837
1843
1826
1838
0
1833
1831
1833
1833
0
1823
1833
0
1832
1837
1827
0
1831
1830
0
2552
2569
2571
2577
2580
2579
2579
2585
0
2562
2560
0
2569
0
2567
2561
0
2564
2565
2570
0
2566
2556
0
2541
0
2537
0
2554
2532
0
2542
2578
2565
2560
2557
2522
2508
2496
2520
2535
2543
2547
2548
2550
0
2551
2536
2531
2542
2509
2489
2453
2472
0
2507
2473
2507
2539
2553
2517
1970
0
1934
1926
1906
1916
1891
0
1871
0
1862
1856
1855
1851
0
1851
1847
0
1836
1827
0
0
1823
1826
0
1840
0
1843
1841
1844
1835
0
1833
1834
1835
0
1829
1828
0
1827
2561
2563
2564
2578
2577
2589
2584
2579
2595
2579
2562
0
2570
2559
2566
2562
0
2563
2562
2567
0
2570
2569
0
2558
2544
2537
2530
2534
2541
0
2535
2513
2551
2555
2522
2529
2494
2515
2517
2507
2536
0
2546
2530
2549
2542
2531
0
2547
2507
2502
0
2485
2473
2477
2509
2493
2484
2462
2536
2495
1945
1936
1907
1914
1915
1900
1906
1886
0
1862
1856
1855
1851
0
1852
0
1855
1856
1828
1832
1822
1820
1832
0
1836
1827
1835
1842
1833
0
1831
1838
0
1831
0
1827
1836
0
1835
2564
2556
2565
2565
2567
2579
2581
2588
2602
0
2585
0
2564
2560
0
2563
2553
2547
2566
0
2579
2576
2570
0
2569
2550
0
2533
0
2535
2516
2532
2506
2539
2512
2539
2557
2511
2520
2504
2518
0
2508
2518
2504
2536
0
2530
2510
2535
2545
2530
2520
2505
2498
0
2481
2489
2486
2513
2497
2486
2490
1924
1916
0
1905
1917
1918
0
1893
1879
1864
1868
0
1856
1840
0
1843
0
1848
0
1837
1818
1822
1822
1834
1840
1830
0
1826
1820
1833
0
1826
1822
1837
1827
0
1824
1838
2566
2563
2561
2564
2565
2564
2573
2583
2593
2599
2601
2603
2584
2577
0
2565
2564
2552
0
2558
2561
0
2574
2565
2570
0
2559
2548
0
2533
2520
0
2500
2518
2506
2523
2526
2531
2527
2523
2540
2513
2503
2525
2505
2518
2520
2526
2523
2532
2534
2525
2538
0
2516
2505
2487
2514
2462
2497
2497
2503
2527
0
1917
1911
1902
1906
1910
1907
1910
1884
1879
0
1863
1865
1856
1838
1850
1847
1843
0
1832
1825
1827
0
1829
1832
0
1843
1830
0
0
1835
1821
1830
1830
0
1834
1829
0
2561
2564
2551
2564
2583
2571
2583
2584
2578
2590
2589
2597
0
2613
2599
2579
2570
0
2568
2558
2562
0
2573
2569
0
2579
2563
2555
0
2543
2528
0
2503
2486
2509
2497
2519
2546
2521
2538
2503
2519
2493
2500
2492
2478
2507
0
2507
2507
2526
0
2550
2546
2540
2519
0
2490
2490
2492
2529
2477
2520
2554
2509
0
1901
1894
1889
1891
1893
1903
0
1881
1867
1858
1845
0
1841
1841
1827
1837
1828
1829
1822
0
1832
1829
0
1835
1843
1835
1831
1830
1827
0
1827
1825
1832
0
1833
2562
2563
2564
2563
2587
2572
2573
2568
2582
2581
2592
2606
0
2601
2601
2592
0
2577
2564
2569
0
2550
2567
2575
0
2577
0
2574
2557
2555
2541
2529
2513
2494
2509
2513
2519
2519
2511
2541
2516
2550
2509
2507
0
2503
2469
2506
2500
2502
2526
2536
2531
2534
2522
2563
2528
2506
2518
2483
2513
2512
2507
2552
2532
2543
1912
1898
1896
0
1902
1888
1891
1873
1866
1869
0
1846
1846
1823
1835
0
1823
1823
0
1835
1832
1832
1844
1837
1836
1833
0
1837
1828
1819
1825
0
0
1832
1833
2563
2594
2558
2586
2563
2542
2578
2585
2586
2587
2599
2589
2589
2597
2606
0
2610
2600
2584
0
2582
2569
0
2569
0
2580
0
2583
2569
0
2550
0
2529
2528
2515
2527
2521
2521
2529
2525
2534
2535
2536
2529
2516
2507
2496
2501
2518
2516
0
2534
2548
2525
2522
2525
2523
0
2515
2513
2519
2545
2521
2529
2570
2500
2553
0
0
1902
1911
1899
1907
1877
1859
1863
1855
1859
1848
1838
0
1834
1824
1813
1821
1820
1833
1829
0
1842
1835
1836
1844
1840
0
0
1826
1820
1829
1826
1829
2551
2567
2570
2577
2569
2573
2572
2610
2593
2612
2577
2597
2596
2602
0
2604
2606
2617
2611
0
2599
2590
0
2586
2590
2575
2590
2586
2576
0
2559
0
2535
2524
2512
2526
2529
2525
2515
2525
2521
2505
2535
0
2522
2486
2537
2479
2500
2494
2530
2533
2542
2513
2515
2503
2539
2519
2505
2516
0
2543
2511
2549
0
2532
2545
2570
0
0
0
1916
0
1888
1868
1853
0
1845
1847
1828
1837
1830
1832
1827
0
1818
1822
1832
0
1837
1838
1830
0
1844
1846
1837
1839
1830
0
1832
1834
2566
2574
2581
2579
2557
2584
2584
2611
2590
2610
2595
2597
2590
2586
2603
2604
2604
0
2616
2618
2622
2610
0
2604
0
2599
2593
0
2585
2573
2559
2549
2555
0
2535
2527
2528
2533
2529
2534
2521
2511
2517
2499
2531
2534
2514
2508
2501
2523
2508
2528
2528
2564
2536
2524
2518
2531
0
2516
2485
2533
0
2549
2556
2556
2592
2557
2501
0
0
0
0
1899
1888
1876
1849
1846
1830
1828
0
1821
1835
1845
1832
1833
1825
0
1835
1836
1838
1835
0
1843
0
1844
1846
1833
1843
1840
1832
2560
2572
2595
2583
2601
2576
2588
2585
2593
2606
2609
2608
2610
2596
2587
2611
2604
0
2613
2614
0
2619
2605
2610
2602
2604
2597
0
2587
2572
0
2550
0
2546
2555
2531
2531
2528
2527
2530
2523
2524
2507
2530
2516
2517
2496
2534
2478
2500
0
2540
2528
2534
2532
2494
2510
0
2518
2504
2486
2519
2566
2556
2577
2612
2567
2572
2586
2536
0
0
0
0
0
0
1859
1835
1825
1827
1814
1820
1814
1822
1837
1832
1838
1825
1837
1827
1834
0
1846
1843
1841
1838
1846
1838
1846
0
1845
2562
2567
2597
2574
2611
2593
2593
2597
2595
2599
2607
2602
2599
2602
2596
0
2592
2601
2607
2609
0
2616
2618
0
2605
0
2606
0
2603
0
2590
2547
0
2552
0
2555
2538
2531
2533
2525
2527
2524
2534
2521
2492
2509
2496
2513
2505
2526
2534
2500
2500
2501
2524
2558
2509
2507
2511
2522
2499
2507
2529
2567
2565
2584
2580
2589
2615
2551
2538
0
0
0
0
0
0
0
1840
1820
0
1803
1817
0
1821
1827
1827
0
1823
1830
1827
1831
1832
1841
1844
0
1830
1843
0
1830
1842
2561
2561
2575
2573
2595
2574
2598
2603
0
2598
2608
2588
2596
2609
2603
2608
2593
2600
0
2608
2606
2601
2599
0
2607
0
2612
2600
2607
2609
2599
2573
2555
2556
0
2550
2534
2520
2539
2515
2525
2531
2535
2533
2517
2526
2508
2506
2520
2481
2502
0
2506
2499
2519
2531
2480
2511
2523
2494
2501
2504
2528
2545
2557
2574
2627
2591
2585
2606
2535
2541
0
0
0
0
0
0
0
0
1820
1813
1811
1815
1818
1825
1831
1823
1825
1815
1832
0
1826
1826
1828
1833
1841
1837
1826
1831
1829
2554
2553
2577
2571
2579
2594
2603
2597
2598
2603
2589
2596
2594
2596
2594
2601
2602
2585
0
2600
2601
0
2607
2596
2596
0
2605
2604
0
2597
0
2610
2574
0
2548
2545
2532
2525
2518
2540
2545
2541
2532
2530
2536
2525
2510
2488
2499
2497
2499
2521
2504
2486
2475
2518
2546
2526
2509
2469
2514
2493
2508
2543
2566
2547
2565
2583
2579
2610
2525
2547
2566
0
0
0
0
0
0
0
0
0
1815
0
1832
1816
1822
0
1821
1831
0
1818
1820
1815
1817
0
1833
1835
0
1840
1834
2549
2560
2558
2554
2564
2580
2582
2584
2591
2594
2586
2592
2585
2589
2579
2594
2614
2602
2599
2592
2596
0
2608
0
2605
2590
2597
2601
2600
2604
0
2607
2604
0
2566
0
2542
2511
2514
2523
2548
2546
2532
2531
2511
2521
2525
2513
2498
2498
2487
2513
2504
2517
2494
2490
2510
2494
2512
2534
2494
2488
2499
2539
2568
2554
2527
2583
2534
2555
2549
2546
2566
2533
0
0
0
0
0
0
0
0
0
0
1812
1827
1816
1823
1829
1827
1828
1822
1818
1818
0
1816
1835
1836
1837
1831
1834
2542
2545
2556
2551
2553
2558
2575
2576
2577
2583
2583
2574
2575
2580
2583
2590
2621
2605
2611
0
2601
2600
2609
0
2601
2587
0
2588
2599
2607
2598
2612
2604
2599
2577
0
2560
0
2525
2519
2531
2548
2561
2552
2531
2523
2523
2517
2510
2499
2502
2510
2492
2479
2498
2491
2505
2522
2523
2523
2505
2531
2495
2473
2535
2558
2581
2556
2542
2548
2579
2538
2510
2556
2537
0
0
0
0
0
0
0
0
0
0
0
0
1821
1832
1832
0
1828
1810
1817
1815
1820
1823
0
1835
1843
1838
2539
2541
2541
2547
2543
2556
2567
2563
2565
2571
2563
2569
2578
2574
2573
2586
2587
2605
2623
2605
2598
2601
2598
2614
2605
2590
0
2591
0
2602
2596
0
2601
0
2605
2589
2569
2563
2547
2541
2543
2532
2557
2566
2554
2527
2523
0
2524
2511
2505
2510
2473
2502
2514
2499
2501
2518
2503
2527
0
2519
2516
2476
2516
2521
2553
2560
2567
2541
2533
2519
2501
2554
2480
2575
0
0
0
0
0
0
0
0
0
0
0
0
0
1822
1828
1828
1825
1818
0
1815
1832
1839
1831
1838
1840
2541
2545
2548
2541
2544
2552
2554
2561
2560
2556
2567
2564
2566
2558
2574
2580
2586
2600
2603
2606
2602
0
2593
2607
0
2603
2595
2588
0
2598
2599
0
2601
0
2610
2587
0
2569
0
2545
2536
2538
2543
2559
2560
2554
2539
2528
2527
2529
2528
2523
2531
2523
2514
2493
2509
2516
2520
2528
2523
2528
2521
2544
2511
2515
2539
2552
2577
2547
2536
2542
2521
2502
2473
2544
2553
0
0
0
0
0
0
0
0
0
0
0
0
0
0
0
1831
1828
1823
1817
1825
1829
1842
1830
1833
2544
2549
2549
2546
2549
2553
2553
2546
2556
2555
2552
2547
2556
2552
2562
2581
2565
2585
2597
2596
2608
0
2589
2595
0
2607
2591
0
2594
2596
2601
2606
2602
2614
2608
2608
2598
2587
2581
2553
2556
2550
2552
2556
2563
2566
2555
2548
0
2531
2534
2524
2545
2536
2531
2526
2521
2514
2520
2528
2520
0
2531
2524
2515
2543
2516
2532
2555
2571
2558
2539
2499
2504
2531
2510
2531
2545
0
0
0
0
0
0
0
0
0
0
0
0
0
0
0
1833
0
1820
1811
1830
1835
1842
1854
2550
2554
2549
2550
2552
2548
2556
2553
2550
2544
2557
2544
2550
2542
2549
2559
2549
2567
2585
2595
2577
2601
2583
2581
2588
2595
0
2592
2594
0
2600
0
2610
2619
0
2613
0
2591
2587
0
2577
2579
2562
2557
2560
2564
2567
2557
2548
2535
2529
2527
2548
2568
2561
2539
2521
2524
2523
2520
2545
2526
2521
2522
2543
2521
2515
2518
2532
0
2554
2552
2569
2526
2519
2506
2533
2476
2494
0
0
0
0
0
0
0
0
0
0
0
0
0
0
0
0
1828
1825
1815
0
1838
1833
2553
2546
2546
2560
2546
2542
2547
2545
2552
2561
2540
2545
2533
2534
0
2538
2546
2554
2562
2570
2578
2586
2590
2583
2586
2577
2572
2579
2590
0
2598
0
2602
2611
0
2610
0
2611
2586
0
2597
2599
2579
2575
2570
2553
2551
2559
2552
0
2542
2540
2540
2557
2553
2552
2537
2544
2526
2522
2530
2531
2537
2517
2526
2527
2533
2523
2518
2498
2537
2560
2553
2557
2545
2535
2521
2484
2496
0
0
0
0
0
0
0
0
0
0
0
0
0
0
0
0
0
0
0
1827
1827
1830
2541
2541
2537
2541
2543
2539
2533
2548
2543
2549
2548
2553
2538
2541
2512
2530
2535
2541
2550
2556
2572
2574
2582
2573
0
2566
2565
0
2574
2582
2589
2595
2607
2595
2605
2613
2590
2605
2600
2595
2585
2601
2604
2593
2580
2567
0
2562
2556
2566
2553
2557
2564
2548
2558
2556
2550
2531
2528
2537
2534
2543
2543
2527
2528
2535
0
2523
2514
2520
2542
2532
2557
2575
2569
2562
2547
0
2512
2524
2521
0
0
0
0
0
0
0
0
0
0
0
0
0
0
0
0
0
0
0
1829
2533
2531
2526
2512
2528
2530
2541
2551
2544
2564
2550
2543
2546
2542
2535
2515
2518
2521
2546
2550
2546
2566
2566
2575
2569
2572
2575
0
2563
2565
0
2590
0
2583
2580
0
2582
0
2595
0
2589
2606
2615
2602
2594
2590
2581
2565
2564
2565
2560
2572
2571
2574
2566
2552
2552
2537
0
2538
2529
2525
2547
0
2544
2542
2540
2564
2537
2512
2510
2525
2540
2576
2586
2571
2593
2570
2556
2578
0
2557
0
0
0
0
0
0
0
0
0
0
0
0
0
0
0
0
0
0
0
2525
2531
2527
2521
2513
2519
2530
2543
2543
2526
2543
2544
2549
2550
2553
0
2472
2436
2467
2459
2525
2511
2542
2562
2564
2560
2571
2559
2567
2552
2567
2571
0
2585
0
2577
2575
2569
2584
2586
2592
2588
2593
2601
2605
2602
2590
0
2578
2565
2568
2574
2587
2583
2584
2567
2562
2558
2556
2555
2543
2541
2541
2543
2543
2539
2539
2564
2554
2538
2519
2535
2517
2526
2552
2567
2584
2589
0
2601
2610
2594
0
0
0
0
0
0
0
0
0
0
0
0
0
0
0
0
0
0
0
2527
2527
2525
2519
2520
2515
2522
2500
2534
2445
2550
2537
2513
2540
2446
2512
2381
2288
0
2253
2359
2440
0
2505
2560
2559
2563
2564
0
2560
0
2564
2574
2579
2579
2576
2573
2566
0
2580
0
2584
2604
2595
2586
2589
2602
2593
2589
2590
2573
2581
2580
2584
2587
0
2574
2570
2570
2577
2588
2568
2554
2546
2556
2544
2541
2550
2561
2558
2541
2537
2500
2525
2544
2538
2532
0
2576
2608
2615
0
2615
2579
0
0
0
0
0
0
0
0
0
0
0
0
0
0
0
0
0
2511
2510
2521
2527
2512
2524
0
2515
2467
2455
2397
2427
2218
2418
2351
2388
2336
2062
2158
2127
2190
2178
2234
2390
2461
2561
2570
2564
2553
2566
0
2555
2557
0
2579
0
2572
0
2558
2573
0
2582
2592
2598
2593
2584
2593
2585
0
2595
2603
2589
2581
2579
2581
2583
2577
2577
2576
2586
2594
2587
2567
2565
2554
2535
2538
2543
2557
2535
2542
2550
2569
2546
2533
2528
2519
0
2559
0
2589
2606
2617
0
2620
0
0
0
0
0
0
0
0
0
0
0
0
0
0
0
0
2503
0
2509
2516
2522
2525
2519
2505
2431
2295
2182
2233
2146
2200
2191
2166
2186
2094
2183
2131
2234
2237
2213
2262
2270
2474
2539
2568
2574
2572
2563
2564
2557
2552
2567
2559
2578
2560
2567
2557
2571
2578
2583
2624
2600
2603
2593
2579
2585
2584
2595
2599
2587
2587
2579
2587
2589
2584
2584
2587
2613
2602
2579
2564
2565
2546
2539
2533
2538
2524
2551
2550
2551
2553
2537
0
2504
2499
2532
0
2552
2569
0
2602
2624
2608
0
0
0
0
0
0
0
0
0
0
0
0
0
0
0
2502
2501
2504
2515
2520
2538
2526
2447
2450
2165
2353
2032
1948
2061
2086
2124
2024
2188
2258
2229
2395
2311
2275
2447
2314
2419
2451
2548
2577
2576
2576
0
2560
0
2549
2550
0
2549
0
2534
2558
0
2568
2568
2606
2601
2596
2590
2598
2572
2581
2608
2608
2598
2596
2582
2592
2598
2588
2585
2585
2588
2583
2568
2575
2571
2565
2549
2533
2536
2537
2536
2541
2565
2553
2530
2498
2507
0
2519
2535
2538
0
2574
0
2613
0
0
0
0
0
0
0
0
0
0
0
0
0
0
0
2500
2499
2500
2511
2529
2544
2537
2399
2342
2225
2125
1978
1879
2107
2022
2006
2157
2239
2440
2360
2445
2541
2523
2471
2482
2500
2452
2536
2556
2571
0
2576
2563
0
2561
2561
0
2519
0
2482
2494
2543
2561
2572
2610
2601
2613
2596
2584
2589
2587
2599
2598
2601
2605
2602
2598
2603
2602
2595
2591
2585
2589
2587
2583
2580
2583
2572
2559
2526
2529
2535
2529
2518
2541
2515
0
2502
2510
2528
0
2527
2527
2556
0
2595
2595
2599
0
0
0
0
0
0
0
0
0
0
0
0
0
2513
2500
2497
2493
2510
2517
2504
2534
2347
2093
1990
1950
1921
1969
1968
2247
2300
2413
2404
2477
2506
2545
2556
2564
2553
2546
2565
2545
2567
2554
2564
2565
2578
2560
2565
2555
2556
2512
2308
2394
2404
0
2549
0
2563
2590
2600
2604
2590
2589
2580
2598
2596
2608
0
2611
2607
2605
2601
2602
2599
2590
2590
2594
2598
2580
2559
2580
2579
2544
2525
2523
2518
2519
2527
2521
2521
2499
2510
0
2531
2536
2533
0
2525
2570
2581
0
2597
0
0
0
0
0
0
0
0
0
0
0
0
0
2487
2486
2496
2500
2515
2525
2396
2223
2137
0
1915
2002
2011
2152
2321
2354
2428
2495
2502
2523
2531
2552
2565
2568
2567
2570
2562
2572
2574
2562
2552
2566
2556
0
2565
0
2528
2286
0
2303
2477
2515
2552
2559
2596
2592
2612
2608
2591
2577
2587
2600
2599
2596
2615
2601
2603
2598
2597
2592
2594
2590
2593
2595
2584
2575
2565
2556
2577
2548
2538
2537
2530
2522
2522
2538
0
2506
2509
2519
0
2545
2548
2533
0
2550
2565
2596
0
0
0
0
0
0
0
0
0
0
0
0
2477
2478
2471
2479
2486
2505
2502
2473
2222
2066
2015
1956
2116
0
2284
2433
2394
2462
2482
2503
2521
2516
2534
2556
2562
2566
0
2565
2566
2559
2562
2564
2554
2544
0
2538
2538
2555
2438
2297
2235
2457
0
2547
0
2575
0
2586
2605
2601
2585
2569
2583
2595
2596
2593
2603
2608
2603
2587
2587
2580
2585
2591
2586
2583
2550
2549
2541
2560
2570
2557
2543
2549
2519
0
2514
2528
2524
2515
0
2514
2527
2556
0
2563
2543
2570
0
2582
2607
0
0
0
0
0
0
0
0
0
0
2468
2466
2490
2476
2463
2486
2503
2446
2417
2162
1945
1922
2057
2421
2281
2450
2456
2476
2488
2495
2521
2514
2534
2535
2543
2557
2565
2573
2568
2571
2567
2560
2562
2557
2544
2535
2533
0
2515
0
2335
2450
2540
2539
2551
2557
2569
2576
2588
2613
2617
2609
2585
2586
2594
2593
2597
2606
2614
2587
2593
2577
2570
2584
2582
0
2570
2545
2510
2538
2529
2554
2551
2556
2549
0
2522
2527
0
2541
2542
2510
0
2532
2559
2583
0
2575
2594
2598
0
2615
0
0
0
0
0
0
0
0
0
2475
2472
2476
2479
2490
2481
2492
2502
2502
2262
1987
2056
2097
2368
2379
2456
2463
2479
2483
0
2507
2518
2513
2517
2519
2535
2557
2560
2563
2566
2571
2574
2570
2559
2552
2548
2523
0
2534
0
2462
2508
2495
0
2543
0
2564
2556
2569
2611
2635
2618
2605
2589
2583
2587
2594
2590
2594
2611
2593
2575
2561
2563
2559
2558
2561
2554
2505
2477
2520
2521
2522
0
2572
2551
2528
2530
0
2537
2555
0
2536
2542
2565
0
2571
2600
2614
0
2606
2617
2616
0
0
0
0
0
0
0
0
2494
2486
2483
2488
2487
2484
2489
2503
2456
2388
2094
2052
2186
2346
2433
2474
2469
2460
2466
2479
2495
2503
2498
2498
2507
2517
2528
2541
2544
2549
2555
2578
2582
2562
2560
2550
2537
2531
2523
2535
2523
2530
0
2533
2544
2553
2551
2559
2582
2590
2615
2622
2628
2621
2598
2581
2607
2603
2593
2589
2600
2585
2586
2575
2544
2536
2524
2528
2538
2509
2499
2506
2497
2502
2568
2566
0
2538
2536
2545
0
2567
2555
2575
2551
2572
2583
0
2608
0
2625
2623
0
2621
0
0
0
0
0
0
0
2508
2513
2497
2497
2494
2473
2493
2488
2473
2464
2226
2068
2126
2428
2403
2469
2460
2433
2458
2467
2476
2475
2493
2493
2503
2490
2505
2522
2527
2526
2525
2554
2585
2578
2572
2559
2550
0
2542
2541
2560
2543
2553
2541
2537
0
2546
2568
2568
2585
2607
2626
2628
2629
2638
2594
2600
2600
2589
2596
2583
2588
2589
2589
2570
2532
2491
2432
2482
2511
2529
2505
2506
2508
0
2552
2572
2550
2540
0
2527
2551
0
2570
2580
2568
0
2581
2583
2603
2609
0
2623
2624
2612
0
0
0
0
0
0
2493
2509
2509
2515
2463
2494
2491
2487
2503
2471
2321
2253
2170
2374
2357
2475
2442
2467
2456
2471
2464
2473
2468
2482
2483
2493
2501
2506
2508
2509
2516
2511
2549
2575
2576
2575
2561
2551
2541
2541
2540
0
2553
0
2550
0
2526
2531
2569
2575
2582
2601
2617
2623
2627
2626
2612
2612
2605
2600
2590
2579
2586
2585
2583
2579
2515
2437
2357
2381
2483
2519
2522
0
2534
2551
2583
0
2550
2538
2525
2543
0
2577
2584
2577
0
2573
2592
2609
0
2605
2609
0
2614
2607
0
0
0
0
0
2494
2494
2512
2517
2509
2499
2490
2486
2487
2506
2495
2393
2352
2389
2478
2491
2472
2464
2459
2448
2462
2466
2456
2466
2474
2478
2494
2498
2502
2511
2511
2497
2513
2546
2569
2576
2560
2552
0
2538
0
2551
2538
2543
2555
2538
2535
2530
2569
2578
2593
2612
2600
2603
2616
2632
2616
2628
2630
2595
2610
2598
2582
2584
2583
2587
2587
2565
2460
2341
2388
2505
2521
2552
2566
0
2550
2579
2564
2539
0
2533
2526
2573
2599
0
2581
2585
0
2596
2602
2597
0
2601
2597
2592
2605
0
0
0
0
2516
2516
2512
2518
2520
2513
2493
2491
2479
2503
2513
2500
2446
2473
2511
2519
2484
2442
2468
2474
2472
2463
2455
2462
2468
2459
2482
2474
2502
2493
2496
2501
2501
2531
2551
2559
2569
2556
2549
2544
2549
2551
2551
2557
2537
2542
2527
2536
2545
2585
2591
2605
2607
2608
2614
2615
2607
2616
2629
2635
2626
2604
2585
2590
2588
2593
2589
2585
2556
2501
2421
2445
2519
2550
2583
0
2575
2571
0
2562
2548
2529
2526
0
2565
2594
2585
0
2574
2595
2598
0
2593
2599
0
2597
0
2595
1829
1833
0
2521
2529
2531
2528
2521
2523
2520
2515
2502
2508
2508
2518
2523
2524
2523
2519
2460
2522
2466
2455
2455
2472
2471
2462
2462
2460
2468
2472
2479
2488
2497
2489
2486
2500
2530
2555
2561
2565
2560
2547
2529
0
2539
0
2538
2537
2532
0
2542
2582
2586
2605
2619
2618
2610
2614
2613
2610
2610
2616
2595
2620
2603
2582
2582
2581
2592
2597
2591
2570
2527
2490
0
2512
2558
2593
0
2578
2578
2557
2543
0
2543
2538
2558
2579
0
2608
2588
0
2589
2600
2600
0
2593
2585
2595
2606
2610
1838
1827
2524
2516
2529
2537
2538
2531
2525
2536
2523
2506
2510
2516
2526
2533
2519
2520
2500
2497
2471
2446
2495
2469
2440
2462
2454
2453
2469
2468
2461
2480
2487
2492
2482
2490
2513
2540
2559
2565
2566
2563
2547
2546
2537
2545
2529
2535
0
2541
2534
2563
2598
2599
2603
2609
2625
2629
2629
2593
2607
2598
2605
2605
2610
2594
2578
2573
2584
2587
2596
2580
2537
2520
2540
2525
2570
2600
0
2602
2595
0
2545
2545
2545
2545
0
2550
2578
2602
0
2607
2606
2606
0
2602
2591
2595
2598
0
2605
2606
1832
