    0     0     0     0     0     0     0     0     0     0     0     0
    0     1     0     0     0     0     0     0     0     0     0     0
    0     0     0     0     0     0     0     0     0     0     0     0
    0     0     0     0     0     0     0     0     0     0     0     0
    0     0     0     0     0     0     0     0     0     0     0     0
    0     1     0     0     0     0     0     0     0     0     0     0
    0     0     0     0     0     1     0     0     0     0     0     0
    0     0     0     0     0     0     0     0     0     1     0     0
    0     0     0     0     0     0     0     0     0     0     0     0
    0     0     0     0     0     0     0     0     0     0     0     0
    0     0     0     0     0     1     0     0     0     0     0     0
    0     0     0     0     0     0     0     0     0     1     0     0
    0     0     0     0     0     0     0     0     0     0     0     0
    0     0     0     0     0     0     0     0     0     0     0     0
    0     0     0     0     0     0     0     0     0     0     0     0
    0     0     0     0     0     0     0     0     0     2     0     0
    0     0     0     0     0     0     0     0     0     0     0     0
    0     0     0     0     0     0     0     0     0     0     0     0
    0     0     0     0     0     1     0     0     0     0     0     0
    0     0     0     0     0     0     0     0     0     0     0     0
    0     0     0     0     0     0     0     0     0     0     0     0
    0     1     0     0     0     0     0     0     0     0     1     2
    0     2     2     0     1     2     3     0     3     1     1     0
    1     1     1     0     0     2     3     1     4     6     8    13
   11     9     1     0     0     1     0     0     0     1     0     1
    0     0     0     1     0     0     0     2     0     2     1     0
    2     0     1     0     0     0     0     0     0     0     0     0
    1    23    22    28    22    25    19    19    30    28    21    21
   27    32    30    33    29    35    37    34    39    41    34    50
   70   128   172   155   105   129    74    33    31    39    26    17
   26    27    35    24    17    35    24    22    20    18    16    22
   16    21    33    22    17    27    17     1     0     0     0     0
    0     0     0     0     0    20    24    16    15    19    20    25
   14    20    16    27    22    26    27    27    35    27    36    33
   42    33    36    55    78   123   164   108   124   106    63    39
   32    43    36    29    24    45    30    26    38    37    24    21
   19    28    23    18    19    33    36    29    20    25    26     1
    0     1     0     0     0     0     0     0     0    30    19    17
   18    16    17    19    20    18    28    19    25    14    25    33
   31    24    29    34    29    39    48    38    77    99   152   115
  114   137   104    61    42    40    44    24    36    33    31    31
   24    25    20    22    25    25    19    34    40    29    24    25
   15    25    21     6     1     0     0     0     0     0     0     0
    2    26    18    14    13    14    23    15    21    18    24    17
   23    24    20    20    27    28    23    31    33    33    36    42
   63   109   166   135    95   142    69    50    37    32    37    12
   34    28    38    26    21    34    27    15    21    23    22    23
   19    21    19    14    15    22    29     2     0     0     0     0
    0     0     0     0     3    21    23    16    17    19    11    21
   25    23    27    25    26    27    35    21    31    36    44    39
   36    47    30    57    77   132   197   186   135   148   107    64
   62    57    40    37    39    34    35    31    25    32    30    25
   36    32    29    41    18    25    19    15    22    17    24     3
    0     0     0     0     0     0     0     0     3    19    31    20
   24    20    18    24    13    17    24    15    19    31    39    30
   39    43    36    34    34    49    58    56    62   134   192   191
  169   162   128    65    49    46    38    48    43    43    47    38
   31    32    25    30    24    30    32    21    27    23    25    18
   28    30    25     5     0     0     0     0     0     0     0     0
    1    23    28    24    17    25    24    21    22    18    21    15
   28    31    38    34    29    25    42    28    47    37    36    68
   95   149   226   189   183   216   120    81    67    51    57    47
   45    54    38    24    22    29    20    27    30    28    19    23
   18    27    25    21    28    26    20     1     0     0     0     0
    0     0     0     0     1    25    23    25    15    16    34    25
   28    23    21    27    22    21    31    27    34    41    39    33
   34    50    56    84    96   143   227   267   207   208   123    89
   59    48    56    41    47    51    44    28    27    32    31    20
   18    24    21    26    21    21    19    13    26    30    25     3
    0     0     0     0     0     0     0     0     1    15    25    30
   18    27    32    26    23    25    22    15    30    35    36    30
   39    41    45    47    56    54    69    72   113   208   254   276
  276   257   174    98    69    57    54    47    50    54    39    34
   32    32    39    37    41    31    28    25    33    34    25    25
   18    32    29     0     0     1     0     0     0     0     0     0
    1    29    22    15    23    24    31    29    18    34    27    21
   25    22    29    41    40    50    50    64    57    63    63    98
  154   245   358   343   300   289   203   125    71    69    70    55
   49    60    53    38    38    43    30    32    46    34    39    28
   25    30    32    24    25    31    31     1     0     0     0     0
    0     0     0     0     3    21    33    20    22    27    21    16
   12    25    22    20    21    32    33    46    50    61    38    60
   61    71    72    86   143   240   329   311   300   275   208   119
   62    77    60    47    49    48    64    43    51    37    20    30
   32    39    31    21    24    28    15    17    18    15    18     2
    0     0     0     0     0     0     0     0     2    27    23    28
   23    24    31    23    27    27    29    35    28    42    36    31
   48    58    45    51    60    88    80   115   151   283   421   423
  342   407   265   162   108    87   114    70    63    74    68    68
   40    45    40    43    43    47    30    40    21    28    17    17
   20    27    30     3     0     0     0     0     0     0     0     0
    5    23    30    17    23    21    20    28    30    29    21    38
   26    33    41    38    37    45    55    53    73    73    82   104
  135   240   410   343   277   351   181   102    71    78    82    72
   43    48    49    42    54    44    21    24    23    33    25    15
   10    16    21    10    16    21    29     0     0     0     0     0
    0     0     0     0     7    18    29    37    33    33    35    33
   38    43    41    35    30    37    49    61    65    70   101    94
   97   130   128   156   244   376   601   478   425   506   328   173
  130   106   106    87    85    88    78    41    53    55    48    45
   34    25    30    41    30    28    21    17    32    29    25     3
    0     0     0     0     0     0     0     0     1    23    36    33
   27    38    40    34    35    30    33    39    48    29    79    74
   76    85    94    96    97   111   146   189   292   376   622   519
  467   596   367   228   161    96    75    87    96    81    82    52
   55    45    42    39    23    18    29    29    23    43    25    19
   25    25    23     3     0     0     0     0     0     0     0     0
    1    17    36    31    31    28    42    29    45    48    44    38
   41    47    66    69    86   117   115   101   103   171   169   215
  343   426   672   544   548   581   394   232   160   131   127   102
  119    90    90    58    68    53    46    44    34    21    24    41
   38    35    33    19    30    25    29     0     0     0     0     0
    0     0     0     0     0    29    34    31    33    39    46    40
   50    44    45    41    55    31    64    69    99    87   142   141
  158   204   201   270   379   521   782   664   744   770   434   327
  245   176   131   132   143   132    86    66    63    58    42    55
   49    34    33    42    38    32    28    26    32    43    32     2
    0     0     0     0     0     0     0     0     2    29    31    46
   32    36    39    58    44    56    69    50    45    54    66    88
  116   148   138   175   174   248   256   345   443   683  1028   853
  850   943   580   399   275   227   218   166   174   142   125    84
   74    88    51    58    63    48    43    38    31    43    27    19
   33    35    49     1     0     0     0     0     0     0     0     0
    3    38    28    24    29    31    36    36    33    49    54    46
   61    50    73    84    90   124   135   142   195   214   220   266
  376   602   870   739   808   805   582   369   312   253   199   135
  188   130   111    76    75    78    58    58    52    32    39    38
   27    29    28    19    29    39    32     4     0     0     0     0
    0     0     0     0     1    36    40    29    25    34    40    26
   45    42    49    54    72    42    90    90   113   138   174   164
  229   287   327   412   471   762  1040   951   968  1026   726   479
  350   316   292   230   189   179   140    84    89    80    58    75
   50    53    43    30    35    37    33    21    35    33    31     2
    0     0     0     0     0     0     0     0     2    44    38    43
   31    44    42    41    53    52    75    72    71    62    92   101
  149   144   242   227   338   392   431   543   686  1004  1262  1170
 1244  1289   910   564   447   401   387   271   246   220   146   102
  104    74    77    92    49    70    47    35    45    44    35    43
   35    33    44     6     0     0     1     0     0     0     0     0
    2    45    53    39    26    39    44    51    59    64    66    64
   81    61   120   143   174   199   254   297   386   449   492   603
  765  1051  1312  1245  1346  1452   962   728   554   381   200   230
  280   273   145   130    98    91    90    74    60    47    38    44
   41    39    42    40    51    52    31     1     0     0     0     0
    0     0     0     0     1    26    45    26    46    55    41    47
   66    57    73    60    77    59   107   171   194   240   290   331
  426   486   565   743   878  1156  1498  1338  1515  1585  1210   970
  791   404   190   262   329   263   203   150   126   117    72   101
   71    40    38    69    49    49    49    39    44    32    52     4
    0     0     0     0     0     0     0     0     0    40    41    53
   39    60    61    64    70    85   106   110   130    91   188   206
  242   306   401   402   537   657   703   865   970  1025  1386  1089
 1175  1298   894   924   910   507   256   357   481   413   263   202
  179   170   131   177    87    52    58    88    99    71    65    58
   69    63    75     0     0     0     0     0     0     0     0     0
    0    54    59    50    90    84    77    76   112   117   124   181
  214   173   247   295   356   460   553   549   828   961   948  1075
  819   264   283   203   214   312   351   945  1201  1006   510   554
  746   617   467   313   309   316   227   296   166   133   131   152
  139   126   144   103   124   104   109     1     0     0     0     0
    0     0     0     0     4    84    85    89    95   133   121   138
  162   193   255   257   328   245   453   497   604   639   890   797
 1244  1352  1373  1439   998   314   168   102   128   188   354  1148
 1687  1575  1237   907  1010  1028   771   591   532   541   400   390
  324   267   267   220   225   229   175   148   190   131   172     4
    0     0     0     0     0     0     0     0     2    80    80    90
   65   105   140   137   155   188   238   248   284   221   333   389
  448   551   676   633   897   850   906  1077   808   183    88    58
   87   113   208   757   906   850   770   642   549   579   567   511
  449   428   345   344   293   272   238   162   184   168   157   101
  134   130   125    12     0     0     0     0     0     0     0     0
    6    96    98   108   112   127   171   176   206   231   300   276
  397   289   509   480   566   644   831   840   827   897  1012  1149
  730   161    96    82    70    98   237   846  1238  1135   979   565
  926   807   536   419   392   377   330   358   324   287   244   183
  189   167   156   101   124   126   149    13     0     0     0     0
    0     0     0     0     0   109   128   133   171   216   203   204
  256   325   379   377   530   388   589   639   728   930  1077  1119
 1375  1686  1758  1790  1161   297   169    86   116   212   320  1127
 1667  1519  1426   827  1273   975   431   291   257   315   344   420
  301   323   254   200   176   179   178   122   148   150   109    10
    0     0     0     0     0     0     0     0     2    71    83   103
  111   125   167   173   210   240   239   259   381   290   407   452
  557   643   839   846   977  1228  1191  1389   884   295   283   126
  186   367   346   815  1290  1008  1005   576   872   659   412   255
  264   274   230   279   202   198   150   160   130   119   113    84
   87    90    91     4     0     0     0     0     0     0     0     0
    2    48    70    63    62    93   106   103   130   159   178   164
  239   186   253   292   331   426   519   603   641   831   895  1070
  858   561   613   244   518   831   699   836   904   757   674   407
  530   416   330   287   259   232   121   168   115   128    89    88
   68    61    64    61    54    62    54     2     0     0     0     0
    0     0     0     0     1    41    46    46    42    55    59    55
   96    76   110   105   138   114   167   195   252   279   353   463
  462   622   630   839   971  1267  1565   514  1122  1671  1226  1014
  739   580   567   325   435   321   245   196   150   130    84    89
   69    81    54    58    51    52    45    38    49    42    36     2
    0     0     0     0     0     0     0     0     3    33    39    36
   40    49    46    43    50    72    92    71    93    82    92   136
  143   215   311   328   375   500   571   681   824  1119  1478   537
 1059  1547  1108   770   585   491   461   253   356   264   236   165
  141   103    80    96    66    66    50    56    51    41    42    29
   31    34    22     0     0     0     0     0     0     0     0     0
    0    36    33    26    33    46    39    50    47    48    62    65
   76    98    96   127   151   223   235   281   308   434   512   544
  754  1067  1380   542  1027  1468  1014   644   506   427   393   231
  300   244   208   162   129   102    53    84    53    46    53    38
   42    49    45    47    39    37    34     3     0     0     0     0
    0     0     0     0     1    27    31    32    37    28    28    42
   34    53    60    60    72    57    81    95   118   158   198   197
  214   295   344   392   564   777  1064   369   759  1205   884   565
  412   361   293   208   215   220   180   113   101    93    50    72
   49    39    57    32    43    40    23    27    23    20    36     2
    0     0     0     0     0     0     0     0     0    35    45    28
   33    27    40    42    39    47    44    58    57    46    57    80
  106   119   155   135   195   235   284   288   392   602   906   354
  633  1088   764   446   333   307   308   167   147   177   135   124
   73    85    38    52    46    47    57    26    36    44    33    26
   39    35    41     3     0     0     0     0     0     0     0     0
    3    25    34    26    29    39    29    44    35    44    56    59
   57    45    62   104   110   133   159   144   177   219   252   304
  403   648   864   307   613   983   697   446   314   257   221   152
  162   154   129   110    97    79    61    57    59    70    36    44
   40    36    41    31    33    36    35     6     0     0     0     0
    0     0     0     0     2    22    34    39    26    39    31    32
   45    41    50    48    50    53    74    72   101   135   150   137
  159   189   197   238   335   492   763   245   521   850   535   369
  224   198   153   115   156   125   113    79    89    62    47    47
   57    52    30    32    36    41    32    30    27    36    32     1
    0     0     0     0     0     0     0     0     0    19    20    28
   28    33    37    31    35    39    40    38    47    42    74    57
   88    92    89   110   119   169   172   194   268   411   629   170
  431   623   478   268   223   152   141    89   107   116    98    82
   64    50    40    40    45    38    46    40    25    22    28    21
   27    21    16     2     0     0     0     0     0     0     0     0
    0    21    31    32    20    25    25    35    30    36    46    56
   38    45    49    59    72   102   111   112   109   131   135   146
  252   346   546   139   420   592   429   293   170   146   142    83
   75    90    75    65    69    56    39    40    44    37    43    33
   27    29    25    16    28    27    24     0     0     0     0     0
    0     0     0     0     1    23    26    22    18    27    18    37
   39    28    41    53    36    35    40    58    53    87    98   105
   86   126   117   126   183   315   454   127   393   603   388   227
  135    90    96    77    63    61    68    38    54    40    35    41
   46    35    32    28    27    22    26    16    26    23    19     0
    0     0     0     0     0     0     0     0     0    23    20    27
   12    23    22    20    16    29    38    30    38    26    38    52
   41    48    54    42    71    73    77    86   122   197   309    95
  312   518   320   181   113    77    81    62    46    68    53    58
   59    54    34    47    42    31    33    29    17    18    22    20
   19    14    25     2     0     0     0     0     0     0     0     0
    1    18    22    16    17    13    12    18    29    27    18    30
   22    28    51    39    48    54    62    55    73    74    58    78
  113   179   269    80   299   524   364   205   146    94    81    57
   68    78    56    55    39    40    26    44    30    29    29    21
   26    28    25    20    21    24    29     3     0     0     0     0
    0     0     0     0     0    28    25    20    17    26    24    14
   19    20    19    23    25    21    37    24    40    54    64    44
   70    66    83    89   132   226   323   114   256   457   290   161
   89    66    60    48    66    61    50    38    47    47    12    29
   32    38    38    33    21    18    17    14    28    29    26     1
    0     0     0     0     0     0     0     0     4    23    17    17
   19    25    15    31    16    26    24    26    26    31    43    42
   50    53    72    46    66    84    71   102   111   180   318   106
  314   440   309   174    93    64    66    47    64    43    43    43
   28    36    20    41    26    35    25    26    29    35    22    23
   28    29    41     3     0     0     0     0     0     0     0     0
    0    28    23    12    20    24    16    28    24    18    21    26
   17    37    45    42    41    47    51    38    57    55    65    77
  120   167   252   112   259   351   236   128    77    46    59    46
   42    45    36    44    39    33    17    35    27    36    19    22
   30    17    28    11    23    27    23     1     0     0     0     0
    0     0     0     0     0    14    24    22    21    29    11    17
   16    21    31    19    17    22    31    31    36    40    61    28
   67    56    51    76    73   126   198   115   240   372   212   139
   80    58    44    25    41    43    39    36    37    40    13    30
   22    22    30    20    16    22    23    15    24    20    36     2
    0     0     0     0     0     0     0     0     0    13    23    27
   14    13    25    23    24    22     9    18    20    18    29    39
   38    47    50    20    91    57    15    18    18    25    73    64
  150   342   215   110    77    56    37    28    42    48    36    32
   28    32    15    18    23    25    21    23    26    17    11    13
   26    20    19     1     0     0     0     0     0     0     0     0
    0    21    17    21    19    19    16    20    20    20    18    27
   29    20    23    31    37    52    59     2    56    11     7     3
    6     7    10    32    90   301   237   131    66    49    47    30
   41    39    37    32    23    25    20    17    16    18    23    28
   17    22    18    17    22    34    23     3     0     0     0     0
    0     0     0     0     3    24    15    17    10    21    22    23
   20    17    23    16    27    26    32    35    32    43    24     1
   25     5     2     3     1     3     4     8    25    86   216   142
   70    48    49    31    35    30    32    24    26    22    17    27
   23    34    23    23    17    15    24    17    22    17    26     2
    0     0     0     0     0     0     0     0     1    18    14    23
   12    18    13    10    11    20    26    18    19    17    25    21
   13     4     4     0     1     2     2     0     2     0     2     2
    2    28    10    29    34    28    23    18    24    25    24    15
   27    32    10    20    17    22    20    21    18    19    14     8
   18    30    22     6     0     0     0     0     0     0     0     0
    1    28    23    19    15    21    19    21    27    33    32    24
   27    26    40    44    48    50    31     2     0     0     0     0
    0     0     0     0     0    28   193   277   113    63    51    44
   32    36    33    27    27    22    17    22    32    34    29    28
   26    31    19    25    29    19    29     5     0     0     0     0
    0     0     0     0     5    25    29    25    25    26    22    22
   17    25    23    23    29    25    51    35    26     3     0     0
    0     0     0     0     0     0     0     0     0     1     8    73
  111    74    52    39    41    40    32    30    28    30    22    27
   27    23    24    28    13    16    23    24    25    28    31     4
    0     0     0     0     0     0     0     0     1    21    29    16
   20    22    29    25    23    19    25    21    29    16    34    10
    6     0     0     0     0     0     0     0     0     0     0     0
    0     0     0     3    45    49    45    39    44    28    33    31
   36    31    25    31    25    29    29    21    21    23    20    24
   26    25    14     1     0     0     0     0     0     0     0     0
    1     2     8     5     4     1     0     0     0     0     0     2
    2     0     0     0     0     0     0     0     0     0     0     0
    0     0     0     0     0     0     0     0     0     1     0     2
    2     3     0     0     0     0     0     3     2     2     0     1
    0     0     2     0     3     4     1     0     0     0     0     0
    0     0     0     0     0     0     0     0     0     0     0     0
    0     0     0     0     0     0     0     0     0     0     0     0
    0     0     0     0     0     0     0     0     0     0     0     0
    0     0     0     0     0     0     0     0     0     0     0     0
    0     0     0     0     0     0     0     0     0     0     1     0
    0     0     0     0     0     0     0     0     0     0     0     0
    0     0     0     0     0     0     0     0     0     0     0     0
    0     0     0     0     0     0     0     0     0     0     0     0
    0     0     0     0     0     0     0     0     0     0     0     0
    0     0     0     0     0     0     0     0     0     0     0     0
    0     0     0     0     0     0     0     0     0     0     0     0
    0     0     0     0     0     0     0     0     0     0     0     0
    0     0     0     0     0     0     0     0     0     0     0     0
    0     0     0     0     0     0     0     0     0     0     0     0
    0     0     0     0     0     0     0     0     0     0     0     0
    0     0     0     0     0     0     0     0     0     0     0     0
    0     0     0     0     0     0     0     0     0     0     0     0
    0     0     0     0     0     0     0     0     0     0     0     0
    0     0     0     0     0     0     0     0     0     0     0     0
    0     0     0     0     0     0     0     0     0     0     0     0
    0     0     0     0     0     0     0     0     0     0     0     0
    0     0     0     0     0     0     0     0     0     0     0     0
