 38.9597
 39.4357
 41.0226
 40.7688
 37.9439
 36.3095
 36.0555
 36.3095
 33.8971
 34.2623
 33.7069
 27.7717
 27.2955
 28.1366
 28.0255
 27.7558
 27.2003
 26.1371
 18.8846
 10.7913
 5.88756
 2.17411
 1.79324
 1.57108
 1.23783
 1.11087
 1.15846
 1.38065
 1.65043
 1.36478
 1.85674
 1.76151
 1.95195
 1.7139
 1.87259
 2.2376
 1.80911
 2.0789
 2.41217
 2.95172
 2.71368
 2.65021
 3.18977
 4.69739
 10.8071
 27.1052
 47.3866
 63.6209
 69.2548
 71.6506
 61.9388
 48.513
 37.8011
 31.7865
 26.1689
 23.5185
 37.5154
 47.2751
 48.8621
 45.847
 43.2127
 36.6268
 35.4366
 35.9604
 32.8181
 35.2461
 14.3143
 0.952169
 0.285651
 0.349129
 0.349129
 0.333258
 0.158695
 0.238042
 0.126956
 40.1497
 40.2292
 41.467
 40.1656
 40.3563
 35.9126
 36.1348
 36.6268
 34.1195
 33.0244
 34.0242
 29.7871
 28.8983
 28.7872
 26.391
 26.9465
 26.9146
 25.661
 21.3128
 11.5213
 5.83995
 2.88825
 2.04717
 1.69803
 1.2537
 1.68218
 1.49173
 1.55522
 1.28544
 1.80911
 1.36478
 1.98369
 1.23783
 1.39652
 2.14239
 1.93608
 2.30107
 2.38042
 1.92021
 2.4439
 2.66607
 2.80891
 3.60237
 3.66585
 10.7278
 27.1209
 46.7673
 61.9067
 69.4447
 72
 61.3196
 47.2274
 35.1826
 32.5166
 26.3274
 25.2483
 35.8809
 42.6731
 44.3712
 46.7831
 44.8315
 37.7059
 37.4045
 33.0562
 34.1037
 34.8971
 14.1398
 0.714128
 0.269781
 0.269781
 0.269781
 0.142826
 0.0793475
 0.0952169
 0.142826
 38.0392
 41.578
 38.3089
 39.2929
 38.3883
 36.8172
 34.0559
 33.0244
 33.5164
 32.8815
 30.9455
 30.533
 28.5016
 26.9782
 27.5811
 27.3589
 27.1052
 25.7243
 20.8841
 11.2038
 5.61779
 2.93586
 1.7139
 1.74564
 1.69803
 1.38065
 1.07913
 1.03151
 1.47586
 1.72977
 1.85674
 1.61868
 1.61868
 1.90434
 2.45979
 2.34868
 1.90434
 2.03129
 2.14239
 2.60259
 2.38042
 2.31696
 2.90412
 4.88779
 10.5374
 24.9309
 47.069
 60.9704
 65.414
 63.8748
 60.1135
 47.9418
 37.6901
 32.0246
 25.5658
 23.4868
 35.5
 41.6733
 43.3237
 43.1017
 42.1334
 35.1985
 35.4208
 34.1987
 31.6438
 30.533
 13.1875
 1.06326
 0.206303
 0.238042
 0.0793475
 0.111087
 0.206303
 0.238042
 0.158695
 37.4519
 38.6899
 37.7694
 38.8802
 35.0875
 35.2302
 34.5797
 33.31
 33.7385
 31.9294
 31.5485
 27.6764
 26.9622
 25.9149
 26.9146
 26.4386
 26.4386
 24.5977
 20.4239
 11.4895
 6.10977
 2.47564
 1.88846
 1.31717
 1.38065
 1.68218
 1.17435
 1.20609
 1.92021
 1.69803
 1.7139
 1.90434
 1.61868
 1.76151
 2.11064
 2.09477
 2.30107
 1.60282
 1.96782
 2.30107
 2.34868
 2.82477
 3.04695
 4.45933
 11.061
 26.4069
 42.8952
 57.0191
 62.3988
 64.2875
 55.7654
 43.8156
 34.1987
 27.8034
 22.2014
 21.884
 32.5801
 39.1659
 36.8965
 39.8959
 37.7059
 31.5802
 32.1516
 29.7236
 27.3749
 28.6445
 12.0926
 1.28544
 0.253912
 0.285651
 0.126956
 0.222173
 0.126956
 0.158695
 0.0793475
 36.4998
 37.7852
 37.8011
 38.3566
 37.0077
 32.723
 33.4529
 33.0402
 29.8822
 30.406
 29.676
 28.2953
 26.9465
 25.8038
 26.1529
 25.0898
 25.1215
 23.8835
 19.694
 10.9182
 5.58605
 3.38019
 1.88846
 1.39652
 1.22196
 0.968046
 1.31717
 1.28544
 1.6663
 1.61868
 1.44412
 1.63456
 1.69803
 2.14239
 1.87259
 1.57108
 1.90434
 1.69803
 2.18999
 2.20586
 2.20586
 2.14239
 3.25324
 4.1578
 9.63285
 21.281
 38.0551
 49.513
 53.7978
 54.3848
 48.672
 35.8968
 28.0573
 24.1692
 20.8049
 19.7258
 25.6292
 32.3261
 32.6595
 33.564
 30.7075
 27.6922
 24.6293
 23.2489
 24.5501
 21.9475
 11.0451
 0.809346
 0.158695
 0.206303
 0.174564
 0.238042
 0.111087
 0.31739
 0.111087
 32.8657
 35.1034
 36.0079
 34.8971
 33.2625
 31.6913
 31.0566
 27.5495
 27.1368
 29.8982
 27.978
 26.3593
 24.5026
 25.5023
 23.9471
 23.471
 23.4234
 23.725
 17.9802
 9.71224
 5.20517
 2.39628
 1.41239
 1.33304
 1.23783
 0.983904
 1.34889
 1.38065
 1.53934
 1.57108
 1.69803
 1.41239
 1.07913
 1.65043
 1.87259
 1.72977
 1.825
 2.01543
 2.20586
 1.90434
 2.45979
 2.2376
 2.91999
 3.34847
 9.85493
 18.9957
 31.4058
 43.6412
 47.7512
 45.0374
 41.6892
 32.4372
 23.0902
 18.7261
 15.9488
 14.6316
 21.3919
 24.2328
 25.5658
 24.2486
 22.2173
 18.1547
 18.1864
 17.2343
 17.0278
 16.9803
 9.56924
 0.650652
 0.0158695
 0.158695
 0.111087
 0.0317389
 0.126956
 0.0634781
 0.0793475
 31.2153
 33.2942
 34.5162
 32.3419
 30.7868
 28.9617
 29.1999
 29.311
 26.9782
 25.407
 24.4231
 22.122
 22.6458
 21.3444
 22.1696
 22.2331
 21.2969
 20.8525
 16.6787
 10.0137
 4.66563
 3.23739
 1.63456
 1.72977
 1.47586
 1.57108
 1.42825
 1.17435
 1.41239
 1.53934
 1.49173
 1.61868
 1.99956
 2.12651
 1.77738
 1.96782
 1.47586
 2.22173
 2.09477
 2.22173
 2.14239
 2.18999
 2.71368
 2.68195
 5.7765
 13.7431
 26.4544
 33.9923
 39.1342
 38.0073
 35.0556
 27.486
 18.9004
 14.7269
 13.14
 10.9658
 18.1864
 18.3133
 18.6784
 16.2662
 17.4883
 13.14
 11.4262
 12.1085
 11.6007
 13.2193
 7.98236
 0.364998
 0.111087
 0.0476084
 0.190433
 0.0317389
 0.0793475
 0.0476084
 0.0793475
 29.9617
 32.2945
 33.2149
 30.8819
 28.9617
 27.8351
 28.1049
 27.1527
 24.8834
 23.2489
 23.5979
 22.7093
 20.7415
 22.0269
 19.9638
 21.7729
 19.8527
 19.091
 16.4726
 9.48991
 5.03061
 2.33281
 1.76151
 1.60282
 1.2537
 1.63456
 1.80911
 1.22196
 1.45999
 1.60282
 1.61868
 1.68218
 1.90434
 1.15846
 1.77738
 1.45999
 1.825
 1.84086
 2.15826
 2.25347
 2.25347
 1.68218
 2.39628
 3.36434
 5.95107
 11.8545
 22.5188
 30.2315
 34.1037
 34.4208
 31.0566
 25.3595
 17.3294
 13.3462
 11.2198
 9.60108
 14.9332
 15.3139
 15.3617
 13.6479
 14.2825
 11.188
 10.4739
 9.25195
 9.18845
 11.0451
 7.50624
 0.285651
 0.126956
 0.111087
 0.0158695
 0.0317389
 0.0158695
 0.0317389
 0.0158695
 29.8664
 31.4058
 34.2623
 33.1831
 31.1042
 28.8825
 26.2323
 28.2478
 27.2003
 23.693
 23.9628
 22.1379
 21.4713
 21.7254
 22.4394
 21.1223
 20.2652
 19.0752
 16.9169
 9.58525
 4.42756
 2.66607
 1.41239
 1.38065
 1.41239
 1.58695
 1.42825
 1.17435
 1.55522
 1.88846
 1.53934
 1.39652
 1.36478
 1.42825
 1.42825
 2.03129
 1.92021
 2.14239
 2.17411
 2.22173
 2.33281
 2.34868
 2.61847
 2.79303
 6.03043
 12.6797
 23.6138
 31.9135
 35.3254
 33.8654
 32.9768
 26.8988
 17.4883
 12.791
 11.5371
 11.9339
 14.9332
 16.3615
 15.3617
 15.9012
 14.8379
 10.7119
 10.0137
 9.88677
 9.10919
 11.7593
 8.14107
 0.587171
 0.126956
 0.0634781
 0.111087
 0.0476084
 0.158695
 0
 0.0634781
 31.3582
 33.3736
 34.0876
 34.9446
 33.4053
 31.1042
 29.7394
 28.5809
 28.5016
 28.5174
 27.3431
 24.3755
 23.1536
 23.6138
 22.868
 22.7251
 22.7568
 22.6299
 17.4883
 10.5691
 5.33214
 2.69782
 2.01543
 1.11087
 0.809346
 1.47586
 1.36478
 0.999769
 1.68218
 1.23783
 1.68218
 1.60282
 1.84086
 1.99956
 2.28521
 2.17411
 1.93608
 1.72977
 1.87259
 2.15826
 1.92021
 2.42803
 2.72955
 3.98325
 8.07757
 16.2026
 27.5177
 34.7224
 39.6897
 42.8952
 37.833
 29.6284
 19.7416
 15.5839
 13.9335
 13.2033
 18.4086
 20.3288
 20.44
 20.8684
 20.1543
 14.9173
 13.0448
 12.6321
 13.3462
 14.0445
 7.91886
 0.491955
 0.0634781
 0.0793475
 0.0317389
 0.0793475
 0.111087
 0.0158695
 0.0476084
 32.7864
 35.2143
 35.5159
 37.6107
 34.8812
 31.6121
 31.9135
 31.2787
 31.7389
 32.0883
 28.0096
 25.6134
 24.9627
 24.9627
 24.9627
 23.6614
 22.979
 24.201
 19.7734
 10.7437
 5.39563
 2.98346
 1.47586
 1.58695
 1.55522
 1.06326
 1.22196
 1.42825
 1.72977
 1.79324
 1.77738
 1.98369
 1.76151
 1.34889
 1.49173
 2.17411
 2.12651
 2.31696
 2.18999
 2.55498
 2.4915
 2.61847
 2.61847
 3.77694
 8.3632
 19.5831
 36.1508
 46.2596
 49.2272
 49.3224
 46.0054
 33.0562
 24.0265
 19.8687
 15.8061
 14.8856
 24.8675
 27.4224
 28.2636
 28.4381
 26.8195
 22.6458
 18.9004
 18.1072
 19.9638
 18.8846
 10.5374
 0.507826
 0.0952169
 0.206303
 0.0793475
 0.0476084
 0.126956
 0.0158695
 0.111087
 36.1508
 39.1342
 40.5466
 37.1981
 36.6585
 36.0555
 33.9608
 33.7544
 31.2153
 31.628
 30.3107
 27.8351
 28.5652
 27.0575
 26.1689
 26.9622
 25.5023
 24.0898
 18.3768
 11.3149
 6.07802
 2.60259
 1.88846
 1.38065
 1.6663
 1.58695
 1.61868
 1.38065
 1.2537
 1.2537
 1.6663
 1.69803
 1.98369
 1.96782
 2.06303
 1.63456
 1.52347
 1.87259
 2.25347
 2.38042
 2.34868
 2.47564
 3.0628
 3.98325
 10.6961
 21.9952
 42.2288
 52.5756
 58.7171
 59.3838
 53.734
 39.9276
 32.2308
 26.502
 21.5191
 20.4558
 31.5485
 33.5957
 38.0709
 33.9448
 35.6588
 29.3427
 27.6446
 26.867
 27.0099
 25.7404
 11.077
 0.714128
 0.190433
 0.142826
 0.0952169
 0.0793475
 0.0317389
 0.158695
 0.0476084
 38.0709
 39.3404
 40.721
 36.9759
 37.2775
 36.5791
 36.7696
 36.1982
 34.0242
 33.7544
 31.2629
 28.3111
 28.9936
 27.2955
 27.1368
 26.5497
 24.6929
 26.645
 19.9162
 11.1087
 5.41149
 3.63411
 1.69803
 1.69803
 1.22196
 1.61868
 1.44412
 1.12674
 1.76151
 1.61868
 1.36478
 1.63456
 1.57108
 1.69803
 1.92021
 1.90434
 2.39628
 1.85674
 1.87259
 2.45979
 2.69782
 2.61847
 2.61847
 5.06236
 11.1087
 25.8832
 45.6409
 57.7968
 65.8584
 66.8105
 58.5586
 45.5294
 35.7539
 30.8344
 23.9154
 22.1379
 36.5791
 40.0863
 41.3083
 43.6252
 40.6259
 35.8493
 32.4848
 33.0085
 33.8338
 33.31
 13.0448
 0.587171
 0.364998
 0.253912
 0.0476084
 0.142826
 0.174564
 0.174564
 0.0793475
 38.7691
 41.9748
 41.4195
 39.642
 39.388
 36.0237
 35.3254
 34.8812
 36.7538
 34.8018
 33.4053
 31.0089
 29.7553
 27.9937
 27.9303
 28.0891
 26.9941
 26.3433
 20.8525
 11.4102
 5.80825
 3.36434
 1.80911
 1.31717
 1.42825
 1.99956
 1.28544
 1.11087
 1.53934
 1.44412
 1.03151
 1.65043
 2.34868
 2.38042
 2.11064
 1.96782
 1.77738
 1.80911
 2.06303
 1.95195
 2.57085
 2.4915
 3.12629
 4.14195
 11.9498
 27.0416
 47.8466
 61.8909
 68.2865
 69.6036
 63.7481
 47.2274
 40.0545
 33.2149
 24.1533
 24.1058
 37.7376
 45.7677
 48.5605
 48.8621
 45.5771
 37.0394
 37.9122
 37.6266
 38.5153
 36.6427
 14.5047
 0.634781
 0.396736
 0.333258
 0.364998
 0.158695
 0.174564
 0.126956
 0.31739
 39.8482
 41.578
 40.6417
 38.7374
 37.4837
 38.9913
 35.5477
 33.0562
 34.4368
 35.1985
 33.1355
 29.5014
 27.7398
 30.7551
 29.8029
 27.2479
 28.6445
 25.7721
 19.6305
 11.7435
 5.50673
 2.82477
 1.76151
 1.47586
 1.28544
 1.60282
 1.61868
 1.57108
 1.77738
 1.44412
 1.98369
 1.88846
 1.63456
 2.01543
 1.61868
 1.99956
 2.45979
 2.63433
 2.63433
 2.22173
 2.68195
 2.53911
 2.4915
 4.66563
 11.1722
 28.8825
 50.5126
 64.8424
 71.3495
 71.6983
 67.0328
 51.5915
 40.8004
 33.7703
 26.4861
 24.0581
 40.1974
 45.9896
 49.4174
 50.6236
 46.91
 40.721
 40.975
 40.2926
 38.1027
 39.0389
 14.3937
 0.698258
 0.31739
 0.333258
 0.206303
 0.158695
 0.0476084
 0.0793475
 0.0476084
